2 0.693881 0.642006 0.0435255 0.0717666 1
2 0.772491 0.956441 0.0827409 0.084628 2
2 0.729419 0.702861 0.051068 0.0864084 1
2 0.622328 0.642667 0.0415713 0.066671 3
2 0.657019 0.56588 0.032649 0.0483842 4
2 0.629972 0.5192 0.0259729 0.0421614 5
2 0.297061 0.566206 0.0381433 0.0514923 6
2 0.917739 0.971356 0.0803826 0.0563734 7
0 0.0215427 0.783542 0.0211682 0.110712 8
2 0.759845 0.774844 0.0574573 0.084586 10
2 0.63836 0.528085 0.0304266 0.0465628 9
0 0.0928659 0.724088 0.0166367 0.0832206 8
2 0.657478 0.580543 0.0298917 0.0505246 11
2 0.765188 0.786432 0.0583646 0.0869808 10
2 0.640283 0.528881 0.03076 0.0455893 9
0 0.0945219 0.723265 0.0165517 0.0832734 8
2 0.659876 0.583406 0.0298491 0.0521364 11
2 0.77007 0.796337 0.059987 0.0868669 10
2 0.641801 0.532749 0.0316029 0.047041 9
2 0.662478 0.586352 0.0308405 0.0528857 11
2 0.776159 0.807208 0.0621061 0.0923988 10
2 0.643101 0.535368 0.032433 0.0475927 9
2 0.664796 0.590615 0.0321679 0.0577396 11
2 0.782484 0.817705 0.0647054 0.0922708 10
2 0.64466 0.537683 0.0317401 0.0500372 9
2 0.667416 0.597142 0.0337035 0.0572031 11
2 0.788288 0.829347 0.0656743 0.0939176 10
2 0.646924 0.539691 0.0322764 0.0503649 9
2 0.670166 0.601136 0.0344596 0.0594973 11
2 0.795565 0.842378 0.0662273 0.0957062 10
2 0.648538 0.543253 0.032538 0.0489906 9
2 0.673315 0.604892 0.0345686 0.0622409 11
2 0.802173 0.855134 0.0686739 0.0977832 10
2 0.650519 0.546251 0.0329372 0.0489622 9
2 0.676113 0.611998 0.034727 0.0608824 11
2 0.809553 0.869185 0.0699369 0.10244 10
2 0.652866 0.549911 0.032857 0.0485816 9
2 0.678739 0.617721 0.0360053 0.0634962 11
2 0.815886 0.881811 0.0736682 0.104092 10
2 0.654936 0.554381 0.034235 0.0494253 9
2 0.681696 0.623751 0.036623 0.0619826 11
2 0.733155 0.712027 0.0532861 0.0904308 1
2 0.62493 0.65006 0.0421573 0.0692465 3
2 0.658675 0.567411 0.0333463 0.0508434 4
2 0.631227 0.521914 0.0254916 0.0417101 5
2 0.301185 0.560706 0.0371503 0.052098 6
2 0.9286 0.982312 0.0759822 0.0344915 7
0 0.0225343 0.783685 0.0209454 0.10372 8
2 0.82403 0.896241 0.0750067 0.106235 10
2 0.656657 0.556838 0.0347435 0.0504741 9
2 0.684989 0.628655 0.0376076 0.0627858 11
2 0.832999 0.911461 0.0769772 0.111911 10
2 0.659381 0.561063 0.0351461 0.0523691 9
2 0.688864 0.63624 0.0382089 0.0626807 11
2 0.842029 0.926201 0.0797416 0.112657 10
2 0.661559 0.565116 0.0356423 0.0546712 9
2 0.692021 0.642218 0.0393831 0.066026 11
2 0.851798 0.941427 0.0823444 0.112244 10
2 0.663817 0.57054 0.0356194 0.0543134 9
2 0.69503 0.648111 0.0394752 0.0659905 11
2 0.860426 0.949402 0.0831422 0.101195 10
2 0.666253 0.574506 0.0368701 0.0564367 9
2 0.69841 0.652932 0.0406414 0.0675973 11
2 0.870112 0.957587 0.0855858 0.0848252 10
2 0.668725 0.579115 0.0372955 0.0553796 9
2 0.702425 0.658144 0.0404727 0.0716553 11
2 0.878755 0.967118 0.0868245 0.0657636 10
2 0.670724 0.58241 0.0379568 0.0557783 9
2 0.706654 0.666846 0.0416815 0.0693287 11
2 0.886602 0.976783 0.0788254 0.0464341 10
2 0.672847 0.585989 0.0390329 0.0576095 9
2 0.710267 0.673156 0.0431333 0.0691363 11
2 0.675528 0.59111 0.0403407 0.0607617 9
2 0.714703 0.681031 0.0430437 0.0716079 11
2 0.678424 0.596482 0.0407825 0.0622306 9
2 0.71867 0.689964 0.044717 0.0751212 11
0 0.111069 0.696085 0.0212158 0.112132 8
2 0.738773 0.720539 0.0534381 0.0904335 1
2 0.627619 0.657101 0.0419851 0.0746535 3
2 0.660407 0.572185 0.033896 0.0505286 4
2 0.632319 0.524094 0.0252585 0.0407973 5
2 0.304335 0.557147 0.0368973 0.0490028 6
0 0.023365 0.781275 0.0216165 0.104938 8
2 0.681364 0.600758 0.0401425 0.0597306 9
2 0.723608 0.699784 0.0454958 0.0791484 11
0 0.110541 0.695951 0.0222383 0.11098 8
2 0.684296 0.606883 0.0417499 0.0620387 9
2 0.727858 0.707228 0.0460599 0.0789657 11
0 0.110605 0.696453 0.0218987 0.109739 8
2 0.687882 0.613264 0.0420627 0.0656024 9
2 0.732768 0.716786 0.0470501 0.0778276 11
0 0.110628 0.696737 0.0214253 0.109496 8
2 0.690715 0.617088 0.0441908 0.0679018 9
2 0.737719 0.725677 0.0478136 0.0794353 11
0 0.110796 0.696282 0.0212405 0.108444 8
2 0.693675 0.621155 0.0434518 0.0683899 9
2 0.743398 0.734813 0.0497973 0.0810836 11
0 0.110965 0.695834 0.0206727 0.107805 8
2 0.606296 0.546815 0.0324108 0.0624492 12
2 0.697194 0.629102 0.0445844 0.070981 9
2 0.748282 0.745078 0.0516427 0.085069 11
0 0.110981 0.694868 0.0204864 0.106644 8
2 0.608778 0.555355 0.0328183 0.0514187 12
2 0.700453 0.636466 0.045141 0.0729162 9
2 0.75378 0.753324 0.0523007 0.0858866 11
0 0.110568 0.695085 0.0199478 0.105041 8
2 0.611199 0.560709 0.0334377 0.0473439 12
2 0.703888 0.640839 0.0455937 0.0724625 9
2 0.759457 0.765678 0.054989 0.0894704 11
0 0.110446 0.69539 0.0197718 0.102484 8
2 0.614848 0.561519 0.0333199 0.0549802 12
2 0.707849 0.649096 0.0467247 0.0743988 9
2 0.766645 0.777617 0.0556649 0.0946433 11
0 0.110189 0.696166 0.0197311 0.100933 8
2 0.617426 0.564119 0.0349666 0.0610217 12
2 0.711996 0.656276 0.0483246 0.0761038 9
2 0.772732 0.789203 0.0571352 0.0987399 11
0 0.110086 0.696463 0.0202091 0.101069 8
2 0.620306 0.5662 0.0347103 0.0640425 12
2 0.74367 0.729031 0.0542182 0.0918794 1
2 0.630811 0.666057 0.0438617 0.0751299 3
2 0.662149 0.574785 0.0345449 0.0521326 4
2 0.633484 0.526622 0.0264275 0.0385265 5
2 0.307173 0.552252 0.0359549 0.0487408 6
0 0.0246983 0.78539 0.0197792 0.093593 8
2 0.716097 0.661393 0.0480783 0.0742426 9
2 0.779801 0.802754 0.0578214 0.10233 11
0 0.10986 0.696279 0.0211458 0.101391 8
2 0.623497 0.569074 0.0354997 0.0672464 12
2 0.720257 0.669117 0.0490672 0.0806658 9
2 0.786565 0.815403 0.0618359 0.103732 11
0 0.109602 0.69629 0.0216643 0.101483 8
2 0.626571 0.573114 0.0360187 0.0661914 12
2 0.724772 0.676283 0.0496246 0.0823666 9
2 0.794005 0.828705 0.0628998 0.106717 11
0 0.109681 0.696659 0.0227083 0.101229 8
2 0.629644 0.577662 0.0370687 0.0681523 12
2 0.605664 0.513713 0.0269559 0.0435617 13
2 0.729648 0.684403 0.0515687 0.0837239 9
2 0.801872 0.842865 0.0642439 0.105131 11
0 0.109865 0.696328 0.023542 0.0998616 8
2 0.633775 0.581338 0.036766 0.067392 12
2 0.607113 0.51654 0.0275282 0.0438807 13
2 0.734593 0.694543 0.0524529 0.0857991 9
2 0.810484 0.858993 0.0666284 0.111881 11
0 0.109718 0.696102 0.0246838 0.0991525 8
2 0.636992 0.587228 0.037746 0.0678662 12
2 0.608471 0.518193 0.0289351 0.04314 13
2 0.739596 0.702064 0.0533745 0.085276 9
2 0.819221 0.874072 0.0685822 0.116112 11
0 0.109739 0.694585 0.0252531 0.0959796 8
2 0.640475 0.590292 0.0389356 0.0690313 12
2 0.610839 0.520777 0.0276969 0.0414038 13
2 0.578738 0.490575 0.0275522 0.0423258 14
2 0.744591 0.711253 0.0542823 0.0892096 9
2 0.828302 0.891108 0.0727192 0.118464 11
0 0.109364 0.693166 0.0239846 0.0927038 8
2 0.643623 0.599858 0.0408428 0.0631853 12
2 0.614221 0.523746 0.0270184 0.0400079 13
2 0.580218 0.493332 0.0273817 0.0435933 14
2 0.750141 0.7187 0.0564046 0.0901705 9
2 0.83792 0.909571 0.0744823 0.124884 11
0 0.110542 0.693213 0.0208447 0.0903735 8
2 0.648095 0.601512 0.041054 0.069914 12
2 0.616618 0.525197 0.0269854 0.0395235 13
2 0.581578 0.495547 0.0272172 0.0457208 14
2 0.755835 0.727381 0.0579141 0.090058 9
2 0.848376 0.927383 0.0769237 0.129021 11
0 0.111526 0.693064 0.0197757 0.0885876 8
2 0.651592 0.605659 0.041572 0.0720843 12
2 0.618819 0.526956 0.0274413 0.0374289 13
2 0.582743 0.498168 0.0272204 0.046 14
2 0.761812 0.737564 0.0591825 0.094259 9
2 0.859136 0.93987 0.0809242 0.12026 11
0 0.112946 0.693348 0.0182246 0.0891 8
2 0.655399 0.610442 0.0426341 0.0739991 12
2 0.62177 0.531264 0.0276256 0.0386005 13
2 0.584803 0.499197 0.0284322 0.0457728 14
2 0.74884 0.737503 0.0565774 0.0952423 1
2 0.633866 0.674474 0.0450226 0.0762932 3
2 0.663763 0.577602 0.0358816 0.0535323 4
2 0.635535 0.530397 0.0284528 0.0426482 5
2 0.310045 0.546859 0.0349832 0.0465148 6
0 0.0260545 0.786103 0.0200451 0.0918723 8
2 0.76836 0.748982 0.0603213 0.0977203 9
2 0.870306 0.94945 0.0839895 0.101101 11
0 0.114188 0.693525 0.0166369 0.0874553 8
2 0.659043 0.61496 0.0426728 0.0763229 12
2 0.623373 0.536211 0.0288882 0.0411292 13
2 0.586628 0.504121 0.0293149 0.0441188 14
2 0.774613 0.759141 0.0624506 0.100089 9
2 0.883276 0.960648 0.0867701 0.0787037 11
0 0.116597 0.694564 0.0163731 0.0852789 8
2 0.663371 0.620615 0.0424739 0.0758361 12
2 0.626017 0.539078 0.0287823 0.0448423 13
2 0.588074 0.506654 0.0293576 0.0455195 14
2 0.781307 0.769386 0.0640488 0.0998586 9
2 0.899957 0.970596 0.0901773 0.0588083 11
0 0.117597 0.694967 0.0162705 0.0849338 8
2 0.666627 0.625925 0.045019 0.0780784 12
2 0.628207 0.541382 0.0283659 0.0445158 13
2 0.589784 0.509627 0.0289398 0.0459632 14
2 0.788615 0.781791 0.0661133 0.106583 9
0 0.118097 0.696103 0.0166084 0.0823465 8
2 0.670637 0.631964 0.0455565 0.0796462 12
2 0.630816 0.544542 0.0278721 0.0450327 13
2 0.590972 0.511237 0.0292573 0.045332 14
2 0.796265 0.795696 0.0671817 0.111202 9
0 0.119069 0.694334 0.0180255 0.0829271 8
2 0.673528 0.638023 0.0476383 0.0812045 12
2 0.633168 0.547696 0.0281264 0.0448042 13
2 0.592517 0.513425 0.0294906 0.0461691 14
2 0.803861 0.805514 0.0694085 0.108017 9
0 0.12014 0.695657 0.0171781 0.0823437 8
2 0.67785 0.644082 0.0477443 0.0859096 12
2 0.63539 0.55132 0.0287159 0.0453264 13
2 0.594754 0.516844 0.0309661 0.0495008 14
2 0.81212 0.820486 0.0724758 0.11474 9
0 0.120631 0.69611 0.016631 0.0816516 8
2 0.682177 0.650218 0.0479688 0.0853646 12
2 0.63782 0.554496 0.0307269 0.0466749 13
2 0.596944 0.51879 0.0318552 0.0510097 14
2 0.821144 0.834934 0.0739495 0.119541 9
0 0.120899 0.695041 0.0167855 0.0832295 8
2 0.68648 0.657179 0.0496214 0.0843465 12
2 0.640203 0.558194 0.031471 0.0482062 13
2 0.598834 0.520153 0.031466 0.051683 14
2 0.82994 0.848446 0.0774276 0.119558 9
0 0.120314 0.693232 0.0186644 0.0832679 8
2 0.691052 0.663549 0.0506552 0.0865659 12
2 0.643021 0.561987 0.0324743 0.0491813 13
2 0.600686 0.523603 0.0320253 0.0526312 14
2 0.840077 0.865416 0.0803553 0.12529 9
0 0.120766 0.693334 0.0171709 0.0834147 8
2 0.695445 0.66992 0.0518434 0.0906447 12
2 0.646108 0.565833 0.0315734 0.050082 13
2 0.602797 0.52821 0.0320073 0.0526147 14
2 0.754201 0.745117 0.0567926 0.0915549 1
2 0.636638 0.683581 0.0462502 0.0788725 3
2 0.665982 0.582012 0.0363088 0.0565358 4
2 0.636722 0.532609 0.0294189 0.0444308 5
2 0.312992 0.5436 0.0351266 0.0471419 6
0 0.0264771 0.784695 0.0216956 0.0913132 8
2 0.850745 0.882154 0.0825981 0.127914 9
0 0.120403 0.691671 0.0184551 0.0837489 8
2 0.70081 0.678716 0.0515239 0.0933701 12
2 0.648767 0.569936 0.0328621 0.05132 13
2 0.604845 0.53087 0.032403 0.0524369 14
2 0.862284 0.899293 0.0850779 0.132074 9
0 0.120261 0.691397 0.017162 0.0828499 8
2 0.705774 0.685538 0.0512739 0.0936292 12
2 0.651528 0.573509 0.0334754 0.05087 13
2 0.607191 0.53392 0.0321533 0.0511644 14
2 0.873979 0.915014 0.0886877 0.128402 9
0 0.120443 0.691429 0.0164103 0.0819327 8
2 0.710183 0.691827 0.0532211 0.0958791 12
2 0.654134 0.577471 0.0337154 0.0520329 13
2 0.60973 0.536713 0.0326534 0.0518741 14
2 0.886688 0.932893 0.0922814 0.128149 9
0 0.120672 0.691353 0.016177 0.081491 8
2 0.715836 0.701629 0.0536698 0.0973497 12
2 0.656463 0.581503 0.0340481 0.0531057 13
2 0.612169 0.54034 0.0333255 0.0538084 14
2 0.899541 0.944426 0.0963238 0.111149 9
0 0.12154 0.690488 0.0154387 0.0822772 8
2 0.721338 0.710862 0.0555706 0.101887 12
2 0.659812 0.58664 0.0330365 0.0542154 13
2 0.614186 0.544894 0.0350999 0.0573363 14
2 0.913935 0.954741 0.0987145 0.0905174 9
0 0.121957 0.690181 0.0155103 0.0791503 8
2 0.726553 0.718442 0.0570475 0.104942 12
2 0.662791 0.590738 0.034327 0.0561549 13
2 0.616964 0.547163 0.0352562 0.0574521 14
2 0.926048 0.965844 0.0950475 0.0683122 9
0 0.122075 0.689173 0.0158011 0.0787666 8
2 0.732699 0.72789 0.0584151 0.107514 12
2 0.666126 0.59457 0.0362348 0.0564945 13
2 0.619252 0.550563 0.0356581 0.0585592 14
2 0.939919 0.977878 0.0878861 0.0442446 9
2 0.73882 0.737385 0.0606343 0.110781 12
2 0.669444 0.599858 0.0363873 0.0569218 13
2 0.622306 0.555922 0.0363545 0.0578387 14
2 0.744714 0.746621 0.060639 0.112693 12
2 0.672744 0.604305 0.0371667 0.0583539 13
2 0.624436 0.559264 0.0371418 0.0591867 14
2 0.751138 0.757446 0.0625295 0.114903 12
2 0.675741 0.611056 0.0375344 0.0605159 13
2 0.62764 0.562639 0.0375795 0.0581169 14
2 0.759937 0.756236 0.0585727 0.0956986 1
2 0.640108 0.693359 0.0467032 0.0783392 3
2 0.667983 0.584915 0.036757 0.0562965 4
2 0.63847 0.534792 0.0290126 0.0452708 5
2 0.315758 0.53913 0.0345368 0.0463534 6
0 0.0277676 0.786035 0.0199125 0.0862368 8
2 0.757926 0.766062 0.0640703 0.114927 12
2 0.679251 0.615728 0.0387071 0.0620243 13
2 0.630464 0.566541 0.0374041 0.0579744 14
2 0.764524 0.777711 0.0666322 0.122059 12
2 0.681688 0.620762 0.0394875 0.061928 13
2 0.634534 0.571362 0.0374893 0.0601274 14
7 0.152521 0.879499 0.126206 0.238608 15
7 0.772293 0.789208 0.0684518 0.124337 12
2 0.685332 0.626625 0.0398089 0.0619596 13
2 0.637395 0.575248 0.0380565 0.0625778 14
7 0.161624 0.871193 0.120275 0.250162 15
2 0.779323 0.799876 0.0709806 0.12614 12
2 0.688875 0.633336 0.0402904 0.0620718 13
2 0.640137 0.579492 0.0403866 0.0627681 14
7 0.174175 0.852027 0.117565 0.245085 15
7 0.786758 0.814864 0.0726014 0.131759 12
2 0.691792 0.639455 0.0405538 0.0634707 13
2 0.643472 0.585231 0.0400606 0.0625363 14
7 0.183383 0.835711 0.112371 0.239548 15
2 0.79492 0.82678 0.075265 0.134599 12
2 0.695678 0.645971 0.0420096 0.0633025 13
2 0.647361 0.589602 0.0403421 0.0632058 14
7 0.192715 0.818916 0.109396 0.231395 15
2 0.803668 0.842959 0.0769216 0.14206 12
2 0.699633 0.651393 0.0424629 0.0641343 13
2 0.650555 0.594779 0.0411338 0.0659365 14
7 0.200871 0.802888 0.106358 0.223999 15
7 0.811547 0.857464 0.0789653 0.147128 12
2 0.703542 0.657678 0.0424862 0.0674292 13
2 0.653784 0.599087 0.041461 0.0666314 14
7 0.208583 0.787035 0.100247 0.216809 15
2 0.820856 0.871871 0.0813278 0.146324 12
2 0.707855 0.664976 0.0442178 0.0682181 13
2 0.658086 0.604084 0.0422007 0.0646531 14
7 0.217558 0.77306 0.0980936 0.207028 15
7 0.830757 0.886631 0.0829568 0.148584 12
2 0.71138 0.670059 0.0437921 0.0688997 13
2 0.662472 0.609933 0.0436252 0.0659182 14
7 0.225635 0.758784 0.0977253 0.201422 15
2 0.150064 0.769151 0.0502405 0.0811761 18
2 0.765482 0.764742 0.0605612 0.0990579 1
2 0.643576 0.703201 0.0480911 0.0808066 3
2 0.669514 0.588627 0.0362784 0.053276 4
2 0.640098 0.536392 0.0293905 0.0451802 5
2 0.318837 0.534121 0.033672 0.0478509 6
0 0.0291297 0.787099 0.0181052 0.0784487 8
7 0.8409 0.902359 0.0868969 0.153633 12
2 0.715398 0.677695 0.0450657 0.0724339 13
2 0.665916 0.615165 0.0449249 0.0697552 14
7 0.232326 0.746338 0.0932621 0.197817 15
2 0.157323 0.760352 0.0506958 0.0762392 18
7 0.851237 0.919636 0.0903641 0.15335 12
2 0.720281 0.686058 0.0468907 0.0727983 13
2 0.6699 0.620189 0.0453546 0.0710022 14
7 0.239121 0.733695 0.0889046 0.192306 15
2 0.165927 0.748941 0.0504995 0.0735877 18
2 0.862571 0.929833 0.0942078 0.140335 12
2 0.724325 0.694014 0.0474511 0.0756422 13
2 0.674695 0.626586 0.0458146 0.0704137 14
7 0.244436 0.723368 0.0865039 0.18663 15
2 0.172787 0.738895 0.0481528 0.069908 18
2 0.872618 0.938275 0.0938602 0.12345 12
2 0.729321 0.702422 0.0484203 0.0781413 13
2 0.679185 0.634566 0.0472539 0.075907 14
7 0.250169 0.712799 0.083834 0.179051 15
2 0.180454 0.728769 0.0501265 0.070101 18
2 0.883302 0.947719 0.0923812 0.104562 12
2 0.733874 0.711774 0.0494353 0.0776999 13
2 0.682263 0.641316 0.0481665 0.0771295 14
7 0.255787 0.703617 0.0825877 0.17593 15
2 0.186404 0.720133 0.0509679 0.0711316 18
2 0.89357 0.95753 0.0887677 0.0849395 12
2 0.738895 0.720357 0.0497183 0.0794806 13
2 0.687534 0.647552 0.0471653 0.0756559 14
7 0.262293 0.692743 0.081472 0.169163 15
2 0.193132 0.712556 0.0506933 0.0677251 18
2 0.90472 0.969476 0.0872803 0.0610478 12
2 0.744223 0.72873 0.0512969 0.0824926 13
2 0.691769 0.654409 0.0493997 0.0758646 14
7 0.266488 0.683368 0.0777835 0.16941 15
2 0.197871 0.702578 0.0488997 0.0655797 18
2 0.918755 0.981389 0.0796212 0.0372227 12
2 0.748431 0.738611 0.0538001 0.0836417 13
2 0.696769 0.660607 0.0508571 0.0776357 14
7 0.270019 0.673499 0.0739575 0.163661 15
2 0.203773 0.695158 0.0475532 0.0642919 18
2 0.754333 0.747958 0.0548963 0.0857246 13
2 0.702412 0.667844 0.05049 0.0780879 14
7 0.275389 0.666909 0.0729251 0.159694 15
2 0.209289 0.687089 0.0441406 0.0623784 18
2 0.760098 0.758567 0.0560893 0.0896328 13
2 0.706813 0.675454 0.0504549 0.0807356 14
7 0.278938 0.65962 0.0691562 0.154949 15
2 0.213591 0.68011 0.0426192 0.0624963 18
2 0.771119 0.774867 0.0630425 0.101391 1
2 0.647725 0.713507 0.0494138 0.0855236 3
2 0.670917 0.592229 0.036825 0.0547558 4
2 0.641321 0.538871 0.0292261 0.0440832 5
2 0.321315 0.531971 0.0341365 0.0474295 6
0 0.0308716 0.786298 0.0184115 0.0778572 8
2 0.766588 0.769384 0.0557721 0.0903393 13
2 0.710977 0.681326 0.0533496 0.0808548 14
5 0.283989 0.653161 0.0696173 0.15357 15
2 0.217875 0.671937 0.0409901 0.0610514 18
2 0.772686 0.779123 0.0578496 0.0944881 13
2 0.717206 0.691399 0.0541596 0.0829202 14
7 0.289239 0.645532 0.0697084 0.147683 15
2 0.223001 0.665319 0.0424553 0.0613614 18
2 0.780111 0.791876 0.0591206 0.0946673 13
2 0.721891 0.699611 0.0555345 0.0824854 14
7 0.292527 0.637758 0.068519 0.147306 15
2 0.226818 0.660626 0.0405491 0.0603 18
2 0.786527 0.802471 0.0612166 0.0975619 13
2 0.727734 0.708088 0.0559798 0.0863456 14
7 0.296246 0.63084 0.0666978 0.145959 15
2 0.23046 0.653655 0.0386807 0.0560412 18
2 0.628516 0.651502 0.0439873 0.074361 19
2 0.793513 0.81535 0.0624942 0.09813 13
2 0.7334 0.717884 0.0569912 0.0868382 14
7 0.299345 0.623237 0.0643255 0.140855 15
2 0.234742 0.648101 0.0385178 0.0520233 18
2 0.630817 0.661877 0.0447842 0.0699192 19
2 0.801094 0.827918 0.0650576 0.103958 13
2 0.739307 0.726585 0.0593843 0.0897453 14
7 0.303034 0.616412 0.063727 0.137729 15
2 0.240069 0.641322 0.0395372 0.0527114 18
2 0.633767 0.668728 0.0478851 0.0762448 19
2 0.808922 0.842679 0.0668495 0.10443 13
2 0.74589 0.737195 0.0616947 0.093041 14
7 0.305885 0.611088 0.0627093 0.135983 15
2 0.243871 0.636156 0.0380435 0.0528635 18
2 0.636866 0.679554 0.0487873 0.0780113 19
2 0.817061 0.85705 0.0692558 0.108903 13
2 0.752246 0.748235 0.0638377 0.0952933 14
7 0.309387 0.60583 0.0608115 0.13025 15
2 0.247499 0.62993 0.0382859 0.0543942 18
2 0.640178 0.689675 0.0507605 0.0805907 19
2 0.825849 0.872773 0.0714456 0.110631 13
2 0.758685 0.758043 0.0637197 0.0964328 14
7 0.313028 0.599821 0.0602922 0.128741 15
2 0.251289 0.624017 0.0373904 0.0561467 18
2 0.644235 0.701461 0.0521183 0.079217 19
2 0.834608 0.888539 0.0746902 0.11737 13
2 0.765703 0.770549 0.0661888 0.102254 14
7 0.316619 0.593977 0.058922 0.125459 15
2 0.254887 0.618794 0.0358337 0.0540126 18
2 0.647346 0.711213 0.0522615 0.0868462 19
2 0.621159 0.635325 0.0381819 0.0610644 20
2 0.777074 0.784238 0.0641495 0.104351 1
2 0.651435 0.724485 0.0512111 0.0854713 3
2 0.673987 0.594503 0.0373202 0.0580795 4
2 0.642651 0.541186 0.0290538 0.0451514 5
2 0.322608 0.527367 0.0336257 0.045852 6
0 0.032195 0.782973 0.0197611 0.0795738 8
2 0.844308 0.905486 0.0778595 0.120082 13
2 0.773032 0.782915 0.0679298 0.10486 14
5 0.319684 0.589287 0.0583023 0.124989 15
2 0.257755 0.615263 0.0365021 0.0515939 18
2 0.65077 0.719886 0.0525503 0.0908237 19
2 0.624232 0.642181 0.040828 0.0642121 20
2 0.854489 0.923429 0.0796028 0.120912 13
2 0.780528 0.796532 0.070105 0.1069 14
5 0.322474 0.58332 0.0565199 0.123367 15
2 0.262459 0.610187 0.034951 0.0481834 18
2 0.654701 0.73148 0.0552609 0.0921539 19
2 0.626779 0.648532 0.0412 0.0660961 20
2 0.865469 0.939944 0.0821993 0.116952 13
2 0.788272 0.809567 0.0736073 0.111128 14
7 0.324309 0.578792 0.0558714 0.119374 15
2 0.265889 0.60533 0.035293 0.0496708 18
2 0.658535 0.743327 0.0573792 0.0930391 19
2 0.629446 0.656948 0.0414862 0.0719027 20
2 0.877394 0.949841 0.0864477 0.100318 13
2 0.796339 0.821895 0.0760154 0.115326 14
7 0.326957 0.57433 0.053494 0.118732 15
2 0.268607 0.600711 0.0351375 0.0497105 18
2 0.662529 0.754842 0.057587 0.0973624 19
2 0.633088 0.666298 0.0420819 0.0690989 20
2 0.104812 0.83183 0.0863994 0.131586 21
2 0.88955 0.958906 0.0897576 0.0821883 13
2 0.804885 0.836406 0.0790881 0.117083 14
7 0.329255 0.569464 0.052247 0.116505 15
2 0.271335 0.596606 0.0346611 0.0517137 18
2 0.666712 0.76723 0.0588221 0.101359 19
2 0.635465 0.673777 0.042441 0.0714432 20
2 0.114826 0.815036 0.0812148 0.122335 21
2 0.902958 0.969661 0.0904089 0.0606791 13
2 0.813571 0.852546 0.0806918 0.123056 14
7 0.331841 0.564749 0.0504605 0.114026 15
2 0.274255 0.591008 0.0333483 0.0497657 18
2 0.672048 0.780607 0.060936 0.104743 19
2 0.639466 0.681324 0.0436637 0.0749282 20
2 0.127103 0.79813 0.0797146 0.119346 21
2 0.911775 0.98129 0.0812611 0.03742 13
2 0.823116 0.867276 0.0841744 0.126045 14
7 0.33387 0.560508 0.0502347 0.1138 15
2 0.277249 0.587603 0.0334444 0.0479028 18
2 0.676508 0.794441 0.0646131 0.109819 19
2 0.642095 0.691466 0.0462296 0.0775577 20
2 0.137368 0.78176 0.0766137 0.118061 21
2 0.549822 0.450681 0.0224464 0.034439 22
2 0.833601 0.88349 0.0867576 0.127637 14
7 0.337352 0.556231 0.048799 0.112721 15
2 0.280237 0.583526 0.0342433 0.0504036 18
2 0.682189 0.809791 0.0670993 0.113382 19
2 0.645414 0.701759 0.0489324 0.0806415 20
2 0.146947 0.768756 0.0723067 0.11427 21
2 0.550136 0.451785 0.0225331 0.0335022 22
2 0.845055 0.903167 0.0896367 0.133982 14
7 0.339769 0.552609 0.0488487 0.110841 15
2 0.28234 0.579569 0.0338366 0.0491494 18
2 0.687198 0.826144 0.0684584 0.119692 19
2 0.649716 0.712634 0.0499436 0.0817342 20
2 0.156687 0.756013 0.0702881 0.112217 21
2 0.550778 0.45374 0.0231047 0.0336173 22
2 0.855514 0.920959 0.0926565 0.13831 14
7 0.341791 0.549531 0.0482987 0.107411 15
2 0.284953 0.574583 0.0311393 0.0470937 18
2 0.691934 0.840648 0.0718842 0.123954 19
2 0.653879 0.721753 0.0500359 0.0848607 20
7 0.165295 0.744319 0.069125 0.110012 21
2 0.551825 0.455076 0.0240745 0.0326908 22
2 0.69662 0.646552 0.0438928 0.0716662 1
7 0.78189 0.965188 0.077061 0.0693134 2
2 0.78397 0.797891 0.0650013 0.108048 1
2 0.655486 0.736592 0.0529038 0.0919287 3
2 0.676447 0.598423 0.0385282 0.0591745 4
2 0.644086 0.543124 0.0284591 0.0474289 5
2 0.324384 0.524345 0.0335413 0.0429454 6
0 0.0338955 0.780816 0.0203849 0.0815172 8
2 0.866854 0.93429 0.0980185 0.13142 14
7 0.344268 0.545253 0.0477741 0.106218 15
2 0.286735 0.570628 0.0311339 0.0444556 18
2 0.698433 0.862587 0.0750803 0.127344 19
2 0.658145 0.732218 0.0509608 0.0871965 20
2 0.173364 0.731458 0.0677336 0.106776 21
2 0.552328 0.457545 0.023931 0.0325235 22
2 0.878383 0.944502 0.102563 0.110995 14
7 0.346475 0.541077 0.0493725 0.106629 15
2 0.290018 0.567211 0.030373 0.0438771 18
2 0.705078 0.883037 0.0771154 0.13012 19
2 0.662122 0.745022 0.0526947 0.087922 20
2 0.181884 0.719841 0.0651933 0.103758 21
2 0.553102 0.459497 0.0238749 0.0343087 22
2 0.890892 0.954744 0.103495 0.0905116 14
7 0.349 0.536733 0.0490739 0.105067 15
2 0.292204 0.564634 0.0312203 0.0440251 18
2 0.712125 0.904083 0.0783096 0.132038 19
2 0.666975 0.75586 0.0536015 0.0881903 20
2 0.188865 0.708444 0.0643794 0.105408 21
2 0.553808 0.460958 0.0238117 0.0372982 22
2 0.90367 0.96614 0.102373 0.0677208 14
7 0.350963 0.533257 0.0484501 0.102529 15
2 0.294087 0.561312 0.0317127 0.0446546 18
2 0.719606 0.925757 0.0817822 0.136523 19
2 0.67189 0.768565 0.0558801 0.0900266 20
2 0.196218 0.699068 0.0616437 0.104046 21
2 0.554504 0.462053 0.0235357 0.0393971 22
2 0.917131 0.977906 0.0953533 0.044187 14
7 0.352981 0.529755 0.0455099 0.0998092 15
2 0.296606 0.558627 0.0318127 0.0453303 18
2 0.727492 0.939943 0.0849904 0.120114 19
2 0.677009 0.782713 0.0584869 0.0952438 20
2 0.202936 0.689112 0.0607422 0.098604 21
2 0.555205 0.46281 0.0233757 0.0410167 22
7 0.354618 0.526923 0.0447272 0.0982893 15
2 0.298731 0.554906 0.0312089 0.0441264 18
2 0.737257 0.951483 0.0911114 0.0970346 19
2 0.682762 0.796699 0.0594686 0.096378 20
2 0.20936 0.679798 0.0595443 0.0963721 21
2 0.556157 0.463609 0.0245802 0.0425255 22
7 0.355932 0.524671 0.0445458 0.097215 15
2 0.301287 0.551305 0.0290116 0.0422921 18
7 0.745997 0.965393 0.0872958 0.0692145 19
2 0.688587 0.810551 0.0617393 0.101795 20
2 0.215424 0.6705 0.058236 0.0910856 21
2 0.557216 0.46648 0.0258909 0.0423972 22
7 0.357367 0.522585 0.0435741 0.0951352 15
2 0.303168 0.550224 0.0284652 0.0377853 18
2 0.69548 0.827209 0.0638754 0.105632 20
7 0.220817 0.663421 0.0551707 0.0892892 21
2 0.557959 0.46977 0.0262369 0.040835 22
2 0.578261 0.444677 0.0172684 0.031255 23
7 0.359389 0.519679 0.0414612 0.0935014 15
2 0.305167 0.545436 0.028709 0.0415088 18
2 0.702398 0.844211 0.066551 0.108398 20
2 0.226472 0.655435 0.0533737 0.0896352 21
2 0.558325 0.471141 0.0263888 0.041312 22
2 0.579638 0.446116 0.0172418 0.0312144 23
7 0.360237 0.517059 0.0404029 0.0904041 15
2 0.307063 0.544943 0.02782 0.0382122 18
2 0.709637 0.861292 0.0681649 0.112099 20
2 0.231152 0.648282 0.0529416 0.0881282 21
2 0.55897 0.47314 0.0265178 0.040093 22
2 0.580398 0.446871 0.0176809 0.0315632 23
2 0.790453 0.806721 0.0665032 0.107781 1
2 0.659443 0.749391 0.0540818 0.0919796 3
2 0.678866 0.606248 0.0389454 0.0547299 4
2 0.645365 0.546289 0.0282213 0.0461245 5
2 0.327248 0.522164 0.0328012 0.0414374 6
0 0.0347918 0.779937 0.02029 0.0842006 8
7 0.3626 0.513371 0.0413135 0.0909361 15
2 0.308677 0.541134 0.0290621 0.0394027 18
2 0.717987 0.879074 0.0710127 0.115631 20
2 0.236459 0.639521 0.0529263 0.0870197 21
2 0.559768 0.474482 0.0267823 0.0397148 22
2 0.581352 0.448451 0.0173567 0.0313825 23
7 0.364407 0.510292 0.040779 0.089633 15
2 0.310053 0.537007 0.0289258 0.041413 18
2 0.727516 0.898277 0.0740641 0.117289 20
2 0.240992 0.632736 0.0516738 0.0858703 21
2 0.560405 0.475123 0.0272336 0.0412348 22
2 0.582162 0.451011 0.018161 0.0308434 23
7 0.365684 0.508269 0.0409001 0.0869924 15
2 0.311895 0.53308 0.0290231 0.0414889 18
2 0.738123 0.918919 0.0779649 0.119431 20
2 0.245173 0.627479 0.0510218 0.0828518 21
2 0.561402 0.477498 0.0275064 0.0415063 22
2 0.58338 0.451698 0.0190646 0.0308101 23
7 0.366161 0.505585 0.0412054 0.0853985 15
2 0.314213 0.530152 0.0275679 0.0381896 18
7 0.748283 0.939217 0.0825156 0.115752 20
2 0.249951 0.622034 0.0501542 0.0788996 21
2 0.562704 0.480991 0.026086 0.041176 22
2 0.584341 0.45255 0.0197546 0.0313882 23
7 0.367768 0.502328 0.0415169 0.0853044 15
2 0.315423 0.527866 0.0268657 0.0367155 18
2 0.758407 0.951448 0.0833592 0.0971041 20
7 0.254488 0.616358 0.0484876 0.0790831 21
2 0.563199 0.483715 0.0259467 0.0396269 22
2 0.585265 0.454593 0.0199754 0.0302795 23
0 0.0805688 0.725299 0.0181765 0.0906809 24
7 0.369325 0.498598 0.0415065 0.0852509 15
2 0.316945 0.526801 0.0261096 0.0350487 18
7 0.768699 0.963848 0.0812165 0.072305 20
2 0.258941 0.610011 0.0472452 0.0767772 21
2 0.563455 0.485594 0.0259045 0.0387709 22
2 0.586423 0.456211 0.0209804 0.0311213 23
0 0.0798965 0.727423 0.0178519 0.0882064 24
7 0.370353 0.49649 0.0409858 0.0846248 15
2 0.318232 0.525641 0.025499 0.0349854 18
2 0.262929 0.604784 0.046679 0.076209 21
2 0.564059 0.488007 0.0259441 0.039664 22
2 0.587495 0.458617 0.0217682 0.0313384 23
0 0.0791117 0.727998 0.0182183 0.0887483 24
7 0.371335 0.49393 0.0409055 0.0833266 15
2 0.32008 0.521677 0.0255521 0.0367732 18
2 0.266236 0.598751 0.044471 0.0748257 21
2 0.565128 0.490734 0.0270958 0.0424311 22
2 0.588663 0.459966 0.021415 0.0299817 23
0 0.0780603 0.728321 0.0187871 0.0880959 24
7 0.373411 0.492111 0.0381825 0.0820074 15
2 0.320807 0.520194 0.0256063 0.03526 18
2 0.270009 0.593046 0.0436618 0.0740333 21
2 0.566163 0.493123 0.0280712 0.0439643 22
2 0.590142 0.460192 0.0199689 0.0303826 23
0 0.0775997 0.727783 0.0191193 0.08774 24
7 0.375458 0.490088 0.0355321 0.0800489 15
2 0.322518 0.518582 0.0278561 0.0356756 18
5 0.273516 0.587862 0.0429163 0.0699326 21
2 0.567461 0.49554 0.0285507 0.0426708 22
2 0.591199 0.460525 0.0190592 0.0296189 23
0 0.0768412 0.728025 0.0194285 0.0866828 24
2 0.797725 0.819585 0.0684689 0.116361 1
2 0.663609 0.760335 0.0560752 0.095381 3
2 0.68078 0.609279 0.0389824 0.0540116 4
2 0.647357 0.55099 0.0295839 0.0447263 5
2 0.329497 0.518794 0.0327168 0.04028 6
0 0.0354839 0.779154 0.0202702 0.0846566 8
7 0.37686 0.487582 0.0354596 0.0789537 15
2 0.32388 0.517228 0.0279941 0.0342887 18
2 0.276849 0.584493 0.0431463 0.071326 21
2 0.56829 0.497068 0.029173 0.0423519 22
2 0.592502 0.461362 0.0193147 0.0314559 23
0 0.0758644 0.72824 0.0191414 0.0855787 24
7 0.378085 0.484305 0.0365466 0.0791633 15
2 0.324986 0.514752 0.0265816 0.0332414 18
5 0.279996 0.578758 0.0414814 0.0710693 21
2 0.569333 0.49818 0.0283544 0.0458607 22
2 0.593857 0.462597 0.0200554 0.0331588 23
0 0.0749051 0.730443 0.0188536 0.0846728 24
7 0.379346 0.48174 0.0358642 0.0786363 15
2 0.326091 0.511659 0.0261712 0.034115 18
2 0.282657 0.575107 0.0411156 0.0688668 21
2 0.570077 0.501492 0.0278985 0.045518 22
2 0.595017 0.465453 0.0211113 0.0352135 23
0 0.0743142 0.731886 0.0188247 0.0846449 24
7 0.380951 0.480232 0.0355556 0.0771451 15
2 0.327251 0.508247 0.0239331 0.0332215 18
2 0.285194 0.570659 0.0403726 0.0677181 21
2 0.570865 0.505044 0.0270137 0.0423708 22
2 0.596198 0.46751 0.0218561 0.0366155 23
0 0.0737278 0.73338 0.0188213 0.0867275 24
7 0.382193 0.477797 0.0352343 0.0759094 15
2 0.329443 0.505314 0.0230203 0.0321232 18
2 0.288202 0.566086 0.0387777 0.0638701 21
2 0.572678 0.508801 0.0290716 0.0447178 22
2 0.597354 0.469246 0.0222392 0.0385822 23
0 0.0732124 0.733541 0.0185382 0.0869693 24
7 0.382888 0.476131 0.0344765 0.0740817 15
2 0.330886 0.504609 0.0234524 0.0303465 18
2 0.290867 0.562989 0.0386694 0.0614788 21
2 0.573865 0.51135 0.030111 0.0478368 22
2 0.599135 0.471162 0.022591 0.0388809 23
0 0.0727981 0.733887 0.0185237 0.0871016 24
7 0.383966 0.474107 0.033697 0.0723765 15
2 0.332398 0.502464 0.0239861 0.0313964 18
2 0.294107 0.559007 0.03767 0.0598405 21
2 0.574772 0.513098 0.0298911 0.0494393 22
2 0.600393 0.47294 0.0231469 0.0377265 23
0 0.0722319 0.734647 0.0190041 0.0857356 24
7 0.384819 0.47288 0.033255 0.0709604 15
2 0.333711 0.498062 0.0250831 0.0352977 18
2 0.29638 0.553885 0.0364138 0.0616125 21
2 0.576429 0.516242 0.0299975 0.0492961 22
2 0.601375 0.474925 0.0236625 0.0361665 23
0 0.071593 0.73571 0.0195511 0.085952 24
7 0.385971 0.471343 0.032003 0.0700707 15
2 0.334927 0.494939 0.0250466 0.0369705 18
2 0.298845 0.549636 0.0374661 0.0640893 21
2 0.577705 0.518953 0.0300499 0.0484959 22
2 0.602078 0.477855 0.023394 0.0370345 23
0 0.0706329 0.736492 0.0196942 0.0863463 24
7 0.386835 0.469828 0.0312346 0.0693279 15
2 0.336169 0.494209 0.0246267 0.036131 18
2 0.301211 0.545933 0.0376656 0.064641 21
2 0.578832 0.521984 0.0312087 0.0511171 22
2 0.603772 0.479135 0.0238958 0.0381886 23
0 0.0698385 0.73642 0.0199857 0.0867265 24
2 0.804264 0.83143 0.0704504 0.117169 1
2 0.668268 0.773467 0.0580956 0.0972526 3
2 0.682753 0.61349 0.0400129 0.0591288 4
2 0.649269 0.553741 0.0297754 0.0448291 5
2 0.331671 0.51415 0.0313918 0.0416086 6
0 0.0368674 0.778773 0.0186541 0.0817996 8
7 0.388008 0.468271 0.0311674 0.0656865 15
2 0.337609 0.492719 0.0254747 0.0354529 18
2 0.30341 0.54367 0.037311 0.0642312 21
2 0.579826 0.525784 0.0327025 0.0523571 22
2 0.605423 0.480638 0.0238792 0.0379102 23
0 0.0689603 0.735876 0.0199109 0.0866089 24
7 0.388979 0.46656 0.0305463 0.0634882 15
2 0.338585 0.492169 0.0255161 0.0345192 18
2 0.306077 0.538724 0.0357924 0.0594661 21
2 0.581005 0.529382 0.0338377 0.0554536 22
2 0.606422 0.481966 0.0229866 0.036621 23
0 0.0678679 0.737083 0.0192718 0.0877619 24
7 0.389852 0.465303 0.0306337 0.0651835 15
2 0.339259 0.490195 0.0242305 0.0323167 18
7 0.308076 0.536216 0.0358712 0.059091 21
2 0.583065 0.533052 0.0341684 0.0555147 22
2 0.607456 0.483508 0.0220798 0.0367432 23
0 0.0670268 0.73787 0.0184255 0.0888109 24
7 0.390747 0.46317 0.0306571 0.064907 15
2 0.340029 0.485069 0.0231148 0.0375553 18
2 0.310279 0.534222 0.0350147 0.0590929 21
2 0.584547 0.53457 0.0334735 0.0539517 22
2 0.6088 0.484706 0.0224266 0.0373197 23
0 0.0666378 0.737964 0.0190039 0.0891075 24
7 0.391807 0.460881 0.0301551 0.0646328 15
2 0.341211 0.483926 0.0227751 0.0353749 18
2 0.311874 0.530534 0.0345462 0.0579336 21
2 0.586089 0.537809 0.0331452 0.0550098 22
2 0.610364 0.486711 0.0228089 0.038882 23
0 0.0661933 0.738463 0.0186114 0.089578 24
7 0.392712 0.459133 0.0300141 0.0647203 15
7 0.342113 0.4816 0.0226109 0.0351468 18
7 0.313975 0.528046 0.0347521 0.0589286 21
2 0.587354 0.542669 0.0334287 0.0550776 22
2 0.611768 0.489743 0.0238461 0.0393919 23
0 0.0655604 0.738233 0.0183831 0.0888363 24
7 0.393458 0.457668 0.0297689 0.0641493 15
7 0.342843 0.480207 0.0236484 0.0351723 18
7 0.316079 0.526107 0.0330918 0.0566062 21
2 0.588911 0.548158 0.0337966 0.0585063 22
2 0.613025 0.492321 0.0242422 0.0410964 23
0 0.0645628 0.739903 0.0182307 0.0888288 24
7 0.393781 0.45459 0.0300251 0.0661093 15
7 0.344184 0.479502 0.0237166 0.0353972 18
7 0.318395 0.522351 0.0323815 0.0556413 21
2 0.590759 0.550671 0.0341331 0.0608695 22
2 0.613895 0.494259 0.0242029 0.0395793 23
0 0.0635892 0.741543 0.0181885 0.0880754 24
7 0.394933 0.453516 0.0294855 0.0650457 15
2 0.346285 0.478723 0.0245819 0.0346266 18
7 0.320394 0.520033 0.0315818 0.0561704 21
2 0.592838 0.55398 0.0347485 0.0587842 22
2 0.614772 0.496239 0.0239917 0.0408471 23
0 0.0630956 0.742261 0.018831 0.0878412 24
5 0.396044 0.452033 0.0287362 0.067835 15
7 0.347372 0.477403 0.0259773 0.033911 18
2 0.321658 0.516275 0.0316349 0.0559153 21
2 0.594179 0.559586 0.0366133 0.0578377 22
2 0.616185 0.499003 0.0245792 0.0430789 23
0 0.0620612 0.742404 0.0192024 0.0892435 24
2 0.81238 0.844691 0.071078 0.118177 1
2 0.67353 0.787386 0.0595354 0.100568 3
2 0.686061 0.616451 0.0399235 0.0630694 4
2 0.651019 0.55584 0.0298935 0.0447347 5
2 0.334253 0.511833 0.0314274 0.0401829 6
0 0.0388771 0.77863 0.0187875 0.081502 8
5 0.397286 0.451021 0.0277024 0.0684282 15
2 0.348452 0.477205 0.026727 0.0345647 18
2 0.32293 0.51386 0.0316139 0.0557884 21
2 0.595493 0.564298 0.0389579 0.0575917 22
2 0.617781 0.501123 0.0241206 0.0426569 23
0 0.0610398 0.742813 0.0187936 0.0898773 24
7 0.397589 0.450206 0.0276997 0.0642883 15
7 0.346154 0.47551 0.0312316 0.0346052 18
2 0.324704 0.510193 0.0312845 0.0572073 21
2 0.597486 0.571403 0.0387282 0.0640858 22
2 0.61906 0.503047 0.0240487 0.0404045 23
0 0.0598768 0.742809 0.0185796 0.0931175 24
7 0.398107 0.448619 0.027263 0.0601164 15
7 0.346264 0.474132 0.0326526 0.03272 18
7 0.326536 0.506717 0.03116 0.0570101 21
2 0.599999 0.573873 0.0389407 0.0621738 22
2 0.620531 0.506185 0.0242711 0.0406665 23
0 0.0591937 0.743043 0.0183963 0.0941284 24
7 0.398552 0.447364 0.0271014 0.0601638 15
2 0.346717 0.473336 0.0329685 0.0324844 18
2 0.32821 0.505473 0.0304899 0.054911 21
2 0.601857 0.57769 0.0393973 0.0633845 22
2 0.622215 0.508791 0.0253546 0.0431901 23
0 0.0582427 0.742991 0.0185814 0.0943763 24
7 0.399249 0.44573 0.0268115 0.0608023 15
2 0.348024 0.473594 0.0328106 0.0327327 18
2 0.329662 0.504042 0.0305182 0.0546463 21
2 0.603863 0.584134 0.040421 0.0652876 22
2 0.623688 0.511674 0.0261189 0.0463401 23
0 0.0570667 0.741667 0.0185567 0.0944823 24
7 0.40002 0.444565 0.026228 0.0604813 15
2 0.347921 0.47225 0.0336318 0.0325482 18
2 0.331293 0.50249 0.0304902 0.0531906 21
2 0.605203 0.589733 0.0410529 0.0687867 22
2 0.624941 0.51372 0.0263935 0.0466829 23
0 0.0562684 0.741943 0.0188487 0.0936867 24
7 0.400841 0.443383 0.0256958 0.0598156 15
2 0.333084 0.499633 0.0296561 0.0481277 21
2 0.607382 0.594968 0.0402401 0.0664012 22
2 0.626278 0.516066 0.0269269 0.0474101 23
0 0.055705 0.743974 0.0186354 0.0949376 24
7 0.401849 0.442197 0.0248102 0.0577245 15
2 0.3348 0.495324 0.0306022 0.0509012 21
2 0.609718 0.600875 0.0425905 0.0696819 22
2 0.62767 0.519186 0.0270841 0.0460218 23
0 0.0549292 0.74425 0.018836 0.0955776 24
2 0.354807 0.468526 0.0225683 0.0277281 18
7 0.402557 0.441553 0.0250747 0.0575372 15
2 0.336221 0.493362 0.0297905 0.0526914 21
2 0.612829 0.606976 0.0429592 0.0709889 22
2 0.628947 0.522672 0.028599 0.0473169 23
0 0.0534994 0.746197 0.0196416 0.0932797 24
2 0.590598 0.45802 0.0179892 0.0257862 25
2 0.357205 0.46581 0.0191263 0.0266239 18
7 0.40314 0.439907 0.0246654 0.0558246 15
2 0.337717 0.492814 0.0286077 0.0509185 21
2 0.615192 0.614457 0.0448956 0.0721678 22
2 0.630683 0.525796 0.0277644 0.0477552 23
0 0.0522074 0.747464 0.0192335 0.090908 24
2 0.591579 0.45912 0.0179777 0.0258833 25
2 0.358758 0.463228 0.0198237 0.0247918 18
2 0.568131 0.42329 0.0253787 0.0356694 26
2 0.819793 0.858679 0.0736715 0.123356 1
2 0.678822 0.80279 0.0615666 0.10337 3
2 0.689026 0.621673 0.0406083 0.0614002 4
2 0.65249 0.557741 0.0302795 0.047185 5
2 0.336208 0.508222 0.0315861 0.0392812 6
0 0.040532 0.776921 0.0195796 0.0840686 8
7 0.403665 0.439069 0.0247063 0.0550668 15
2 0.338807 0.491304 0.0272758 0.0466816 21
2 0.617075 0.618664 0.0451003 0.072225 22
2 0.632395 0.529148 0.0273027 0.0477318 23
0 0.0507912 0.748233 0.0190086 0.0908158 24
2 0.592418 0.461097 0.0180864 0.0278281 25
2 0.360138 0.461888 0.0200414 0.0233564 18
2 0.568243 0.425207 0.0267148 0.0392431 26
2 0.340813 0.488745 0.0280013 0.0457443 21
2 0.619281 0.623682 0.0455849 0.0762218 22
2 0.634383 0.532425 0.0285411 0.049718 23
0 0.0498408 0.748046 0.0186947 0.0914879 24
2 0.593241 0.462242 0.0177741 0.02687 25
2 0.362196 0.460726 0.0217873 0.0285667 18
2 0.567874 0.424785 0.0290263 0.04062 26
2 0.342118 0.488436 0.0273364 0.0434207 21
2 0.622741 0.631706 0.0464924 0.0809027 22
2 0.636103 0.535545 0.0290213 0.0500226 23
0 0.0491667 0.748344 0.0182425 0.0903107 24
2 0.594643 0.464837 0.0186121 0.0287799 25
2 0.363255 0.460308 0.0216605 0.0280726 18
2 0.568293 0.425076 0.0297529 0.0407278 26
2 0.343584 0.487488 0.0277598 0.0424517 21
2 0.625897 0.639786 0.0484607 0.0834868 22
2 0.6379 0.537936 0.0288071 0.0497909 23
0 0.0484289 0.74997 0.0179029 0.0894068 24
2 0.59583 0.468317 0.0189238 0.0289975 25
2 0.364351 0.459587 0.0200961 0.0274438 18
2 0.568567 0.426399 0.0310094 0.0399774 26
2 0.344906 0.485934 0.0281875 0.0414403 21
2 0.627995 0.646967 0.0488662 0.0826661 22
2 0.639485 0.540875 0.0284432 0.0503335 23
0 0.0476318 0.7506 0.0178067 0.088709 24
2 0.597044 0.471439 0.0190719 0.0278258 25
2 0.365959 0.458072 0.017905 0.0295705 18
2 0.56876 0.42742 0.0328228 0.039789 26
2 0.157271 0.943589 0.0788426 0.110834 27
2 0.346003 0.482587 0.0279052 0.0434382 21
2 0.63065 0.654291 0.0492795 0.0851249 22
2 0.64108 0.543337 0.0286209 0.0521597 23
0 0.0470585 0.750808 0.0177915 0.0877067 24
2 0.59811 0.47275 0.01938 0.0281418 25
2 0.366853 0.459734 0.0184607 0.0307149 18
2 0.569243 0.427444 0.0330958 0.0396152 26
2 0.167757 0.926373 0.080829 0.116418 27
2 0.346897 0.478283 0.0277946 0.043817 21
2 0.633217 0.662555 0.0506372 0.0866819 22
2 0.643009 0.546933 0.0304602 0.0551209 23
0 0.0465188 0.751269 0.0173646 0.0866986 24
2 0.599109 0.473506 0.0203951 0.030913 25
2 0.367321 0.460553 0.018347 0.0320349 18
2 0.570382 0.427852 0.0321394 0.0382856 26
2 0.183131 0.904525 0.07685 0.115991 27
2 0.348576 0.476608 0.0287755 0.0428963 21
2 0.636635 0.672412 0.0516642 0.0903338 22
2 0.645742 0.552186 0.0308624 0.0552967 23
0 0.0460181 0.751348 0.0166962 0.0870111 24
2 0.59995 0.475446 0.0212713 0.0311017 25
2 0.368205 0.463001 0.0183772 0.039374 18
2 0.570795 0.428132 0.0325684 0.0374786 26
2 0.197275 0.878193 0.071557 0.113388 27
2 0.350415 0.476186 0.0278903 0.0408126 21
2 0.64073 0.68073 0.0530153 0.0930976 22
2 0.647513 0.556938 0.0311591 0.0559811 23
0 0.045302 0.751637 0.0166826 0.0877305 24
2 0.601249 0.476625 0.0215456 0.0309126 25
2 0.368829 0.466294 0.0200495 0.0482191 18
2 0.57053 0.428792 0.0344755 0.0394229 26
2 0.207237 0.857974 0.0697406 0.107608 27
2 0.352091 0.474937 0.0266511 0.0415584 21
2 0.644077 0.689678 0.0543383 0.0957358 22
2 0.649104 0.560435 0.0319749 0.0566195 23
0 0.0445373 0.752674 0.0164251 0.0878556 24
2 0.602358 0.4782 0.0209987 0.0295304 25
2 0.571109 0.429785 0.0343803 0.0384114 26
2 0.218189 0.836114 0.0659232 0.102483 27
2 0.827865 0.871103 0.0751877 0.126547 1
2 0.68442 0.819402 0.0637922 0.107668 3
2 0.691429 0.628155 0.0419259 0.0572645 4
2 0.654301 0.56227 0.0310299 0.0450082 5
2 0.337389 0.504628 0.0296715 0.0364177 6
0 0.0418046 0.775073 0.020455 0.0865554 8
2 0.353568 0.472446 0.0261038 0.0447747 21
2 0.647989 0.698886 0.0564088 0.0953111 22
2 0.651011 0.564963 0.0317505 0.0573023 23
0 0.0432724 0.752962 0.0167046 0.0880117 24
2 0.603284 0.479068 0.020797 0.0294724 25
2 0.573351 0.431201 0.0319935 0.0375926 26
2 0.228931 0.816004 0.0608289 0.0966243 27
2 0.355253 0.470312 0.0248889 0.0439194 21
2 0.651924 0.707508 0.055452 0.0961835 22
2 0.6534 0.56897 0.031466 0.05666 23
0 0.0420678 0.754543 0.0171552 0.0880733 24
2 0.604382 0.480054 0.0211874 0.029583 25
2 0.57548 0.432006 0.0294753 0.0370145 26
2 0.237796 0.799605 0.0577666 0.0936337 27
2 0.356528 0.46858 0.0239812 0.0423551 21
2 0.656325 0.715874 0.0575253 0.0993354 22
2 0.655706 0.573631 0.0323745 0.0573134 23
0 0.0404624 0.754545 0.0177123 0.0887047 24
2 0.605578 0.48105 0.0216556 0.0293464 25
2 0.576833 0.431901 0.0278478 0.0376606 26
2 0.246619 0.783458 0.0571751 0.0916816 27
2 0.549391 0.46164 0.0196761 0.0300767 28
2 0.357708 0.466457 0.0242149 0.0411634 21
2 0.659996 0.727982 0.0601798 0.100979 22
2 0.657749 0.577755 0.0327472 0.0584866 23
0 0.0393988 0.754938 0.0182986 0.0894282 24
2 0.606301 0.483245 0.0216554 0.0324198 25
2 0.576579 0.43157 0.0290247 0.0377282 26
2 0.253695 0.767912 0.0540071 0.0883287 27
2 0.549701 0.464267 0.019467 0.0324962 28
2 0.359151 0.465838 0.0250519 0.0389516 21
2 0.664713 0.738659 0.0631883 0.107101 22
2 0.660146 0.581401 0.0324123 0.0573075 23
0 0.0387709 0.754848 0.0184282 0.0908936 24
2 0.607063 0.484893 0.022133 0.0348871 25
2 0.57917 0.436561 0.0255705 0.0357937 26
2 0.260856 0.753895 0.0522569 0.0839536 27
2 0.550441 0.466794 0.0208173 0.0334394 28
2 0.360666 0.465716 0.0250299 0.0409236 21
2 0.669797 0.749751 0.0634118 0.105886 22
2 0.662889 0.586411 0.0334005 0.0593596 23
0 0.0376467 0.756652 0.0183727 0.0906646 24
2 0.607907 0.487978 0.0219794 0.0363721 25
2 0.580016 0.440275 0.0252991 0.0346775 26
2 0.267297 0.740603 0.0492862 0.0808788 27
2 0.551473 0.468857 0.0216758 0.0351282 28
2 0.36211 0.463976 0.0245971 0.0376676 21
2 0.674042 0.759729 0.064548 0.105845 22
2 0.665022 0.589431 0.0336841 0.0593114 23
0 0.0365683 0.757457 0.0184757 0.091318 24
2 0.608999 0.48959 0.0223038 0.0373825 25
2 0.579996 0.441318 0.0264758 0.0352141 26
2 0.274403 0.726635 0.0492587 0.0774193 27
2 0.552593 0.470637 0.0214599 0.0374645 28
2 0.363442 0.461219 0.0249545 0.0401752 21
2 0.678792 0.772746 0.0666366 0.111111 22
2 0.667948 0.594263 0.0345843 0.0625988 23
0 0.0358356 0.759756 0.0173176 0.0903387 24
2 0.610507 0.492208 0.0227447 0.0369341 25
2 0.581351 0.443533 0.0257703 0.0343733 26
2 0.280588 0.715229 0.0467022 0.0747738 27
2 0.553668 0.471161 0.0211394 0.0398924 28
2 0.364866 0.458277 0.0251421 0.0400023 21
2 0.684012 0.785372 0.0690551 0.112727 22
2 0.67068 0.599261 0.0346601 0.062602 23
0 0.0348827 0.759659 0.0165889 0.0907207 24
2 0.61204 0.493969 0.0237132 0.039171 25
2 0.582511 0.445548 0.0253246 0.0343192 26
2 0.285801 0.703949 0.0445134 0.0726844 27
2 0.555192 0.473438 0.0223297 0.0388445 28
2 0.366396 0.456485 0.0255645 0.0384173 21
2 0.690156 0.799878 0.07114 0.116745 22
2 0.674074 0.606581 0.0361722 0.0655165 23
2 0.612807 0.496108 0.0239078 0.0390934 25
2 0.582872 0.447283 0.0264716 0.0339016 26
2 0.291263 0.692046 0.0431706 0.0711563 27
2 0.555612 0.476374 0.0217486 0.0349904 28
2 0.836204 0.88549 0.0777087 0.129006 1
2 0.690902 0.836752 0.0668149 0.114268 3
2 0.693863 0.632551 0.0418572 0.0559892 4
2 0.656115 0.565103 0.0315078 0.0474876 5
2 0.338942 0.501616 0.0294149 0.0376257 6
0 0.0430806 0.771634 0.0206602 0.0905829 8
2 0.368514 0.455437 0.0263531 0.0384094 21
2 0.696091 0.813926 0.0735414 0.12308 22
2 0.677047 0.611714 0.037605 0.065087 23
2 0.613941 0.499055 0.0230681 0.0369531 25
2 0.581467 0.447338 0.0305475 0.0345104 26
2 0.296243 0.682417 0.0420588 0.0692758 27
2 0.556649 0.478813 0.0228031 0.0330252 28
2 0.369023 0.456056 0.0248983 0.0346785 21
2 0.701584 0.829804 0.0749633 0.126903 22
2 0.679599 0.618485 0.038653 0.069221 23
2 0.615594 0.500037 0.0227636 0.0375064 25
2 0.582304 0.45021 0.0319791 0.0347971 26
2 0.301081 0.671106 0.0415927 0.0657447 27
2 0.557336 0.480776 0.0229429 0.0325978 28
2 0.370388 0.454731 0.0248926 0.0344103 21
2 0.708475 0.847519 0.0773552 0.134806 22
2 0.683446 0.622852 0.0390892 0.0707545 23
2 0.617169 0.502588 0.0231906 0.0360375 25
2 0.584537 0.451193 0.0303174 0.036498 26
2 0.305874 0.662184 0.0385206 0.064465 27
2 0.557841 0.482179 0.0227407 0.0326094 28
2 0.371319 0.456037 0.0239625 0.0285959 21
2 0.714991 0.860153 0.0779872 0.128717 22
2 0.686876 0.631099 0.0397146 0.0737694 23
2 0.618231 0.505123 0.0237308 0.0376681 25
2 0.584954 0.451828 0.0301919 0.036902 26
2 0.310846 0.653437 0.0374714 0.0629277 27
2 0.558449 0.483889 0.0226636 0.0331767 28
2 0.37281 0.455727 0.0243556 0.0270073 21
2 0.721506 0.877306 0.0800221 0.129356 22
2 0.690342 0.637998 0.0403908 0.0722294 23
2 0.619392 0.508483 0.0242007 0.0408932 25
2 0.583106 0.449725 0.0297444 0.0375302 26
2 0.314843 0.644505 0.0378775 0.0634504 27
2 0.559061 0.486834 0.0231307 0.0341192 28
2 0.375155 0.451598 0.0254824 0.0306387 21
2 0.731501 0.896626 0.0868363 0.13423 22
2 0.693777 0.643611 0.0419213 0.0726069 23
2 0.620703 0.510487 0.0246769 0.0422187 25
2 0.584545 0.44981 0.0321385 0.0392027 26
2 0.318648 0.634274 0.0366395 0.0590301 27
2 0.56001 0.489143 0.0222917 0.0355914 28
2 0.377061 0.449489 0.0259174 0.0326965 21
2 0.741022 0.919531 0.0913853 0.141421 22
2 0.697859 0.651458 0.0432845 0.0744748 23
2 0.622356 0.512796 0.0254645 0.0432561 25
2 0.58939 0.453634 0.0257169 0.034368 26
2 0.322584 0.627037 0.0360226 0.0571387 27
2 0.561536 0.491513 0.0218887 0.0382779 28
0 0.0247936 0.761094 0.023491 0.103652 24
2 0.378894 0.446322 0.0261894 0.0364496 21
2 0.747788 0.933892 0.0907354 0.132217 22
2 0.70241 0.65814 0.0432396 0.0773614 23
2 0.623798 0.515091 0.0255237 0.0450554 25
2 0.591905 0.45623 0.0233115 0.0340092 26
2 0.325951 0.619946 0.0346024 0.0569654 27
2 0.562607 0.492879 0.0222428 0.0402712 28
0 0.0241312 0.760972 0.0235635 0.105693 24
2 0.380126 0.444711 0.0259876 0.0371637 21
7 0.755492 0.944107 0.0912953 0.111787 22
2 0.706685 0.663932 0.044901 0.0792228 23
2 0.624956 0.517213 0.0248711 0.0473576 25
2 0.593242 0.458047 0.0230966 0.0335008 26
2 0.329612 0.612491 0.0334273 0.0546913 27
2 0.563853 0.497388 0.0224203 0.0363342 28
0 0.0238473 0.761491 0.0237684 0.107047 24
2 0.381297 0.4432 0.0258926 0.0379328 21
7 0.765987 0.956296 0.0954494 0.0874079 22
2 0.71155 0.672585 0.0434402 0.0792408 23
2 0.626918 0.520049 0.025736 0.0468497 25
2 0.593998 0.459431 0.0228876 0.0344812 26
2 0.333807 0.60688 0.0320684 0.0519837 27
2 0.564607 0.50139 0.0217895 0.033547 28
0 0.0231198 0.762031 0.0241982 0.107196 24
2 0.844907 0.900295 0.0803477 0.132232 1
2 0.697175 0.855286 0.069505 0.116838 3
2 0.696625 0.638135 0.0426722 0.060469 4
2 0.658105 0.568175 0.0309582 0.0479949 5
2 0.340433 0.499176 0.0291191 0.0378512 6
0 0.0439425 0.770798 0.0208727 0.0932918 8
2 0.382006 0.442988 0.0254741 0.0357098 21
7 0.775128 0.967927 0.0872095 0.0641453 22
2 0.716598 0.680315 0.0453668 0.0795102 23
2 0.628821 0.52333 0.02572 0.0436494 25
2 0.594753 0.460975 0.0230545 0.0355359 26
2 0.336478 0.600182 0.0313405 0.0535541 27
2 0.565816 0.502117 0.0216778 0.0340052 28
0 0.023199 0.762431 0.0239195 0.108915 24
2 0.38285 0.442291 0.0250238 0.035102 21
2 0.721028 0.68907 0.0480241 0.0830588 23
2 0.6303 0.527308 0.0263049 0.044979 25
2 0.595732 0.462434 0.0231708 0.038636 26
2 0.339387 0.593817 0.0300397 0.0526485 27
2 0.566517 0.503489 0.0220787 0.0350055 28
0 0.0232289 0.763397 0.0226797 0.109493 24
2 0.384164 0.44095 0.0238135 0.0359626 21
2 0.726329 0.698427 0.0480101 0.0846951 23
2 0.63168 0.530806 0.0262011 0.0449275 25
2 0.596959 0.463015 0.0235333 0.0397021 26
2 0.342033 0.587591 0.0300152 0.0499043 27
2 0.567823 0.507566 0.023253 0.0343658 28
0 0.0229436 0.763932 0.0215948 0.109555 24
2 0.385551 0.437906 0.0232515 0.0372102 21
2 0.731233 0.707766 0.0503435 0.0886693 23
2 0.633185 0.533881 0.0267354 0.0460139 25
2 0.598681 0.465102 0.0235353 0.0423573 26
2 0.344701 0.581374 0.0307249 0.0509709 27
2 0.569402 0.511536 0.0239487 0.0357882 28
0 0.022807 0.763963 0.021817 0.109995 24
2 0.386804 0.437052 0.02358 0.0351918 21
2 0.736309 0.716709 0.051278 0.0912682 23
2 0.635304 0.536651 0.027707 0.0471503 25
2 0.600003 0.467514 0.0238096 0.0430605 26
2 0.347578 0.577178 0.0292964 0.0486982 27
2 0.570675 0.514123 0.0242868 0.0374583 28
0 0.0219964 0.764066 0.0217482 0.110453 24
2 0.388043 0.435781 0.0233193 0.0349731 21
2 0.742522 0.727353 0.0532944 0.0926648 23
2 0.637353 0.539449 0.0283807 0.0490193 25
2 0.600864 0.469798 0.0243028 0.0419879 26
2 0.350206 0.570939 0.0282246 0.0493221 27
2 0.571852 0.517094 0.0239812 0.0380229 28
0 0.0214581 0.764496 0.0217931 0.109752 24
2 0.388929 0.435122 0.0229891 0.0349738 21
2 0.747971 0.737076 0.0548017 0.0959068 23
2 0.639292 0.54195 0.028443 0.0498906 25
2 0.601914 0.471572 0.0247353 0.0426334 26
2 0.352534 0.567033 0.0271321 0.0445065 27
2 0.573076 0.520242 0.0244715 0.0399153 28
0 0.0209009 0.764839 0.0214317 0.108986 24
2 0.390163 0.433546 0.0212816 0.0357941 21
2 0.754483 0.748894 0.0562768 0.0981904 23
2 0.640748 0.544699 0.0290496 0.0480747 25
2 0.603019 0.473343 0.0249424 0.0423073 26
2 0.354368 0.561563 0.0272368 0.0451882 27
2 0.574714 0.522424 0.0239879 0.03999 28
0 0.0206168 0.766136 0.021413 0.110788 24
2 0.391609 0.433861 0.0215619 0.0337351 21
2 0.76063 0.759283 0.0585398 0.100949 23
2 0.64261 0.549033 0.0299787 0.0505213 25
2 0.603902 0.47415 0.025731 0.0412984 26
2 0.357052 0.55654 0.0254375 0.0460234 27
2 0.575991 0.526472 0.0242208 0.0379331 28
0 0.0201347 0.766689 0.0218547 0.113261 24
2 0.393484 0.433504 0.0225119 0.0332559 21
2 0.768261 0.771361 0.059354 0.102961 23
2 0.645164 0.553225 0.0305014 0.0504874 25
2 0.604567 0.474642 0.0266569 0.0412661 26
2 0.359126 0.551392 0.0259045 0.0466089 27
2 0.577195 0.52939 0.0260582 0.0415469 28
0 0.0199811 0.766927 0.0216031 0.113357 24
2 0.854406 0.918721 0.0826711 0.138782 1
2 0.703873 0.875417 0.0720976 0.120392 3
2 0.699694 0.64183 0.0434132 0.0633978 4
2 0.659998 0.57158 0.031428 0.0507516 5
2 0.342265 0.496537 0.0290878 0.0372753 6
0 0.0450528 0.770372 0.0204845 0.0961872 8
2 0.395192 0.431899 0.0228943 0.0337064 21
2 0.774735 0.782899 0.0625067 0.108155 23
2 0.647331 0.557243 0.0310042 0.0522334 25
2 0.60546 0.475269 0.0260484 0.0410203 26
2 0.361308 0.545135 0.0258457 0.0457187 27
2 0.578299 0.530306 0.0268459 0.0470901 28
0 0.0193798 0.766961 0.021662 0.113368 24
2 0.396122 0.432077 0.0223026 0.0302627 21
2 0.782612 0.796264 0.0640924 0.110873 23
2 0.649583 0.561915 0.0315979 0.0518673 25
2 0.606132 0.477951 0.0254556 0.0394065 26
2 0.363501 0.541312 0.0249734 0.0437948 27
2 0.580355 0.5363 0.026673 0.0435285 28
0 0.0182776 0.770493 0.0207829 0.108188 24
2 0.397346 0.431746 0.022477 0.0276826 21
2 0.790061 0.810337 0.0672892 0.115267 23
2 0.652186 0.565358 0.0316303 0.0512212 25
2 0.607271 0.479845 0.0254574 0.0372611 26
2 0.365481 0.537187 0.0268133 0.0430519 27
2 0.581818 0.540782 0.0269629 0.0441849 28
0 0.0174385 0.772129 0.0203891 0.10589 24
2 0.398933 0.430379 0.0216335 0.0295676 21
2 0.798534 0.825034 0.0695656 0.116815 23
2 0.654248 0.569261 0.0317316 0.0523042 25
2 0.608253 0.482282 0.0255347 0.0383947 26
2 0.36755 0.533891 0.0255745 0.0435899 27
2 0.583778 0.546191 0.0273743 0.0398153 28
0 0.0167858 0.775198 0.0199162 0.100293 24
2 0.40001 0.42939 0.0211688 0.0297951 21
2 0.8076 0.840539 0.0709045 0.12229 23
2 0.656218 0.573568 0.031785 0.0535922 25
2 0.610063 0.4844 0.0265935 0.0424774 26
2 0.369174 0.531093 0.0247482 0.0417381 27
2 0.585368 0.546199 0.0269598 0.0435539 28
0 0.0161138 0.772355 0.0189544 0.0890616 24
2 0.401175 0.428282 0.0201292 0.0288329 21
2 0.816565 0.857692 0.074138 0.124839 23
2 0.659048 0.577668 0.0322194 0.0544698 25
2 0.611319 0.487189 0.0275821 0.0447747 26
2 0.370388 0.526799 0.0242616 0.0398419 27
2 0.586911 0.548842 0.0274487 0.0501956 28
7 0.0543263 0.896991 0.108225 0.204421 29
7 0.402895 0.426978 0.0200918 0.0278189 21
2 0.826679 0.874442 0.0764456 0.131732 23
2 0.662077 0.581754 0.0333128 0.0551797 25
2 0.612182 0.48873 0.0275292 0.0475299 26
2 0.372289 0.523025 0.0233019 0.0401074 27
2 0.588552 0.552112 0.0280539 0.0519529 28
7 0.0600442 0.89019 0.119139 0.217405 29
2 0.404082 0.426699 0.0202849 0.0268467 21
2 0.837306 0.891462 0.0778088 0.135465 23
2 0.664441 0.585834 0.0335155 0.0551298 25
2 0.612969 0.491123 0.027586 0.0480079 26
2 0.373818 0.519684 0.024174 0.0409826 27
2 0.590732 0.55841 0.0306039 0.0510782 28
7 0.0647932 0.883673 0.128466 0.231219 29
2 0.405157 0.426219 0.020239 0.0250672 21
2 0.848126 0.910485 0.082115 0.137675 23
2 0.667516 0.590168 0.03341 0.0573179 25
2 0.614299 0.492291 0.0285863 0.0479145 26
2 0.37532 0.516568 0.0244364 0.0414512 27
2 0.592447 0.56335 0.0324934 0.0511138 28
7 0.0713527 0.876954 0.138488 0.239795 29
2 0.406665 0.424829 0.0207106 0.0251848 21
2 0.860145 0.929133 0.085732 0.136171 23
2 0.669728 0.594776 0.0340771 0.0586099 25
2 0.615457 0.493219 0.0297834 0.0478056 26
2 0.376445 0.512734 0.0236182 0.0435319 27
2 0.593608 0.568309 0.0330748 0.0549593 28
7 0.0749245 0.871024 0.148046 0.252882 29
2 0.699811 0.652116 0.0438627 0.0743882 1
2 0.605999 0.595185 0.0343837 0.0603902 3
2 0.645556 0.547261 0.0309881 0.0400276 4
2 0.864606 0.931481 0.0849901 0.13625 1
2 0.711357 0.896929 0.0746967 0.125128 3
2 0.703029 0.647056 0.0441328 0.0642896 4
2 0.662056 0.574408 0.0324472 0.0509543 5
2 0.344237 0.492401 0.027915 0.0389369 6
0 0.0455134 0.769614 0.0203306 0.0969963 8
2 0.407676 0.423653 0.0207808 0.0249377 21
2 0.87177 0.940512 0.089283 0.118976 23
2 0.673092 0.600776 0.0353532 0.0584166 25
2 0.616677 0.49476 0.0300148 0.04927 26
2 0.37789 0.509097 0.022449 0.0438777 27
2 0.595266 0.573444 0.032503 0.0570996 28
7 0.0821489 0.855223 0.149257 0.245095 29
2 0.885595 0.950408 0.091837 0.0991843 23
2 0.676211 0.605782 0.035522 0.058014 25
2 0.618192 0.496697 0.0290317 0.0512274 26
2 0.379656 0.506306 0.0217005 0.0380761 27
2 0.597402 0.577491 0.0329137 0.0585186 28
7 0.0909396 0.847934 0.145591 0.247711 29
2 0.897475 0.961393 0.0893471 0.0772141 23
2 0.679227 0.612033 0.0361505 0.0606966 25
2 0.619591 0.499081 0.0283939 0.0527844 26
2 0.381506 0.50425 0.0215981 0.035457 27
2 0.599678 0.581812 0.0327101 0.0584612 28
7 0.0990132 0.833649 0.139248 0.240999 29
0 0.0107533 0.785268 0.0185456 0.0939523 24
2 0.681955 0.616974 0.0365681 0.0620402 25
2 0.620952 0.502715 0.0289411 0.0526175 26
2 0.383084 0.500704 0.022402 0.0385431 27
2 0.601823 0.585944 0.0342037 0.0600329 28
7 0.108965 0.818233 0.13516 0.228044 29
0 0.0104999 0.787047 0.0179102 0.092839 24
2 0.685806 0.622227 0.0373643 0.0632415 25
2 0.62267 0.506013 0.0300436 0.0536281 26
2 0.384083 0.497164 0.0217451 0.039439 27
2 0.604074 0.592334 0.0335643 0.061803 28
7 0.115916 0.806702 0.129857 0.229484 29
0 0.00993947 0.787601 0.0183533 0.0924016 24
2 0.688777 0.628247 0.0378158 0.062494 25
2 0.623903 0.508571 0.0292749 0.0527953 26
2 0.385241 0.494704 0.022221 0.0373576 27
2 0.606068 0.597166 0.0340382 0.0621433 28
7 0.126262 0.794069 0.12629 0.215704 29
0 0.00921044 0.78885 0.0179235 0.0923888 24
2 0.692941 0.635508 0.038434 0.0638808 25
2 0.625262 0.510833 0.0297392 0.0525625 26
2 0.38616 0.492507 0.0230005 0.037468 27
2 0.60839 0.607939 0.0350226 0.053972 28
7 0.133718 0.784429 0.122039 0.208983 29
0 0.00889115 0.789513 0.0177539 0.092792 24
2 0.696561 0.641636 0.0399725 0.0643584 25
2 0.627064 0.512354 0.0303056 0.0515523 26
2 0.387492 0.489793 0.0239839 0.0396748 27
2 0.611708 0.611013 0.0365678 0.0627934 28
7 0.141383 0.776232 0.118551 0.209065 29
0 0.00878388 0.790397 0.0172525 0.0928198 24
2 0.700647 0.648367 0.0403099 0.0633481 25
2 0.6284 0.514115 0.0309416 0.0522851 26
2 0.388935 0.486223 0.0226169 0.037304 27
2 0.61437 0.614872 0.0374054 0.0664475 28
7 0.148029 0.766611 0.114056 0.204157 29
0 0.00845337 0.790966 0.0165752 0.094112 24
2 0.704491 0.655453 0.0418429 0.0651156 25
2 0.629795 0.516953 0.0310934 0.0522364 26
2 0.390252 0.482465 0.0210109 0.0346941 27
2 0.617025 0.620923 0.0378485 0.0680262 28
7 0.152931 0.758027 0.108194 0.199033 29
0 0.00827546 0.79159 0.0163351 0.0955607 24
2 0.873098 0.940717 0.0872846 0.118566 1
2 0.718818 0.91778 0.0772815 0.127642 3
2 0.706064 0.65542 0.0453104 0.0576776 4
2 0.663973 0.577592 0.033231 0.0521715 5
2 0.345511 0.489192 0.0277138 0.0398372 6
0 0.046209 0.768756 0.0202306 0.0975493 8
2 0.708826 0.66137 0.0425485 0.0693783 25
2 0.631332 0.519841 0.0313768 0.0546651 26
2 0.391207 0.480235 0.0194229 0.0343086 27
2 0.619653 0.629236 0.0379046 0.0672911 28
7 0.158526 0.748432 0.104057 0.198886 29
0 0.0081864 0.791521 0.0161287 0.0965215 24
2 0.713058 0.668213 0.0426235 0.0684811 25
2 0.633671 0.522737 0.0323092 0.0546448 26
2 0.391977 0.478723 0.0193887 0.0344296 27
2 0.622289 0.636723 0.0389815 0.0683142 28
7 0.163192 0.73947 0.100042 0.19028 29
0 0.00770779 0.792821 0.0152295 0.0944307 24
2 0.717453 0.676346 0.0446004 0.0703374 25
2 0.635746 0.525446 0.0330115 0.0548162 26
2 0.393122 0.476182 0.0183847 0.0337338 27
2 0.62511 0.642856 0.0407049 0.071195 28
7 0.168165 0.731736 0.0960121 0.183289 29
0 0.00748504 0.793887 0.0148329 0.0940441 24
2 0.722174 0.685361 0.0449358 0.0720465 25
2 0.637576 0.528655 0.0336022 0.0571537 26
2 0.394184 0.474127 0.0177486 0.0339172 27
2 0.627463 0.649899 0.0418104 0.0748042 28
7 0.17511 0.723188 0.0959232 0.178782 29
0 0.00717621 0.794636 0.0143524 0.0932736 24
2 0.727009 0.693981 0.0461661 0.0734754 25
2 0.639346 0.53099 0.034429 0.0589679 26
2 0.394825 0.47205 0.016768 0.0307913 27
2 0.630347 0.6577 0.0430621 0.0764274 28
7 0.179888 0.713573 0.0947745 0.170971 29
0 0.00684084 0.795036 0.0136817 0.0925791 24
2 0.731562 0.7022 0.0475655 0.0754507 25
2 0.640395 0.534861 0.0341568 0.0587442 26
2 0.395414 0.470864 0.0161222 0.0279457 27
2 0.634241 0.667124 0.0424182 0.0760425 28
7 0.183745 0.709585 0.0919981 0.174283 29
0 0.00640807 0.793905 0.0128161 0.0927111 24
2 0.736616 0.711412 0.0488377 0.0768278 25
2 0.642201 0.538263 0.0350759 0.058653 26
2 0.396668 0.470509 0.0165933 0.0277882 27
2 0.63735 0.676697 0.0442848 0.0778837 28
7 0.185706 0.70299 0.0917886 0.170821 29
0 0.00576467 0.79368 0.0115293 0.09199 24
2 0.607508 0.479914 0.0209523 0.0276205 30
2 0.74216 0.72112 0.0505085 0.079519 25
2 0.644106 0.542204 0.0367667 0.0617215 26
2 0.39746 0.466689 0.01627 0.0271097 27
2 0.640828 0.686212 0.044986 0.0801848 28
7 0.191171 0.692161 0.0893354 0.163819 29
0 0.00513222 0.796771 0.0102644 0.0873531 24
2 0.608405 0.482057 0.0211739 0.0303771 30
2 0.747333 0.729613 0.0521646 0.081647 25
2 0.645563 0.544361 0.0368215 0.0635936 26
2 0.398762 0.463384 0.0170453 0.0260893 27
2 0.644458 0.696446 0.047493 0.0816298 28
7 0.197542 0.687077 0.0869564 0.16621 29
2 0.609411 0.483827 0.0215748 0.031448 30
2 0.753016 0.740391 0.0524319 0.0812291 25
2 0.648402 0.546962 0.0365294 0.0646046 26
2 0.399682 0.461739 0.0180838 0.0261327 27
2 0.649236 0.706014 0.0492855 0.0859022 28
7 0.202186 0.681896 0.0869923 0.166793 29
2 0.611231 0.487987 0.0225767 0.036779 30
2 0.883043 0.948104 0.0888001 0.103791 1
7 0.72771 0.937152 0.0789835 0.12247 3
2 0.709401 0.660285 0.0465909 0.0609049 4
2 0.665899 0.582341 0.0330607 0.0544801 5
2 0.347204 0.486747 0.0283254 0.0387759 6
0 0.0467866 0.768208 0.0199249 0.0981236 8
2 0.758641 0.751173 0.0546836 0.0832413 25
2 0.650499 0.550106 0.0378577 0.0668749 26
2 0.401062 0.459928 0.0195114 0.0270431 27
2 0.652858 0.715542 0.0497424 0.0903429 28
7 0.207971 0.674427 0.0865575 0.163527 29
2 0.613181 0.49071 0.0236146 0.0373368 30
2 0.765298 0.762228 0.0558319 0.0865473 25
2 0.652801 0.553906 0.0377006 0.0668485 26
2 0.40226 0.459046 0.0187896 0.0270276 27
2 0.657088 0.726885 0.0522253 0.0925062 28
7 0.21113 0.66924 0.0831158 0.158882 29
2 0.614914 0.492885 0.0228886 0.0365673 30
2 0.771412 0.772896 0.0583125 0.091575 25
2 0.655438 0.557636 0.0364327 0.0649399 26
2 0.403242 0.458126 0.0180308 0.0269223 27
2 0.660671 0.737601 0.0527948 0.0955646 28
5 0.21413 0.66253 0.0798375 0.153462 29
2 0.615969 0.495269 0.0226215 0.0356312 30
2 0.779228 0.786345 0.0582931 0.0922884 25
2 0.657552 0.563318 0.0393716 0.0674957 26
2 0.403698 0.456455 0.0176936 0.0269104 27
2 0.665143 0.751089 0.0537751 0.0948589 28
5 0.217585 0.654441 0.0777564 0.147468 29
2 0.616764 0.496418 0.0234408 0.0358582 30
2 0.786099 0.799368 0.0610675 0.0948875 25
2 0.659913 0.566802 0.03976 0.0679151 26
2 0.670573 0.763981 0.0549738 0.098156 28
7 0.21996 0.650022 0.0762336 0.144528 29
2 0.618101 0.49776 0.0238078 0.0372671 30
2 0.793824 0.812685 0.061991 0.0968949 25
2 0.662606 0.569921 0.038978 0.0699585 26
2 0.675019 0.777017 0.0570992 0.101017 28
7 0.222741 0.646775 0.0775836 0.143654 29
2 0.619193 0.499829 0.0236345 0.0357768 30
2 0.801187 0.827273 0.0648503 0.100385 25
2 0.6647 0.574328 0.0397918 0.0725251 26
2 0.680327 0.790706 0.0595101 0.10439 28
5 0.225288 0.639933 0.0779584 0.13839 29
2 0.620227 0.502665 0.0233958 0.0364254 30
2 0.595478 0.470654 0.0222041 0.0287881 31
2 0.809586 0.842587 0.0665978 0.102501 25
2 0.667196 0.576656 0.0412306 0.0721403 26
2 0.685936 0.805465 0.0623455 0.107243 28
7 0.228775 0.634771 0.0758445 0.138927 29
2 0.621674 0.504364 0.0240373 0.0358138 30
2 0.596456 0.471223 0.0225167 0.0290392 31
2 0.818466 0.85694 0.0685851 0.107222 25
2 0.669977 0.581151 0.0420439 0.0752623 26
2 0.692421 0.821437 0.0637066 0.113393 28
7 0.233797 0.62808 0.0748659 0.136653 29
2 0.624159 0.507073 0.0253456 0.0377715 30
2 0.597392 0.472923 0.0235898 0.0287703 31
2 0.827844 0.874695 0.0716081 0.110113 25
2 0.673827 0.586333 0.041813 0.0765616 26
2 0.698701 0.838203 0.0659403 0.118568 28
5 0.237972 0.622956 0.0724981 0.134975 29
2 0.625334 0.50916 0.0255678 0.040548 30
2 0.597774 0.475319 0.0248042 0.0316354 31
2 0.894882 0.957089 0.0905503 0.085821 1
2 0.737168 0.949512 0.0792095 0.100976 3
2 0.712607 0.663695 0.0475368 0.0658245 4
2 0.667907 0.585303 0.0343859 0.0542718 5
2 0.349547 0.484677 0.0275013 0.0353364 6
0 0.0474792 0.768916 0.019684 0.0955184 8
2 0.838061 0.893521 0.0746641 0.114212 25
2 0.677075 0.59124 0.0422724 0.0760446 26
2 0.705257 0.855528 0.0671535 0.119197 28
7 0.24146 0.617701 0.070313 0.12841 29
2 0.626224 0.511307 0.0249003 0.0420684 30
2 0.598888 0.476993 0.026666 0.0326597 31
2 0.849147 0.911035 0.0763883 0.120266 25
2 0.679318 0.595941 0.0430474 0.0783014 26
2 0.712587 0.875769 0.070397 0.122796 28
5 0.244569 0.61255 0.0678222 0.129627 29
2 0.627615 0.513834 0.0250799 0.0412358 30
2 0.600157 0.478138 0.0274526 0.0333419 31
2 0.859804 0.930761 0.0785548 0.124627 25
2 0.682094 0.601122 0.0436268 0.081823 26
2 0.719053 0.895419 0.0725914 0.126591 28
5 0.247019 0.609257 0.0650086 0.13129 29
2 0.628967 0.516297 0.0259653 0.0398672 30
2 0.601715 0.478335 0.0275141 0.0343471 31
2 0.871597 0.944225 0.0824638 0.11155 25
2 0.685902 0.607395 0.0444077 0.0810366 26
2 0.726998 0.916772 0.0726841 0.130246 28
5 0.249727 0.605884 0.062908 0.132258 29
2 0.630213 0.518691 0.0263367 0.0402536 30
2 0.601657 0.47752 0.0293559 0.0365891 31
2 0.883262 0.954444 0.0834326 0.0911127 25
2 0.690047 0.612142 0.0450624 0.0812174 26
7 0.735604 0.934757 0.074642 0.127735 28
5 0.253399 0.601983 0.0645158 0.127157 29
2 0.631494 0.520982 0.026112 0.0402657 30
2 0.604529 0.480992 0.0257852 0.0337192 31
7 0.896023 0.966676 0.0865376 0.0666482 25
2 0.693235 0.616819 0.0460425 0.0835651 26
7 0.746941 0.946736 0.0810119 0.106527 28
7 0.256728 0.599516 0.0636563 0.125797 29
2 0.633054 0.523614 0.0255037 0.0400437 30
2 0.606338 0.483501 0.0239976 0.0326108 31
7 0.696878 0.621931 0.0482465 0.0874046 26
7 0.755894 0.960181 0.0804528 0.0796382 28
7 0.259186 0.595631 0.0623159 0.124562 29
2 0.635231 0.525681 0.0261572 0.0394844 30
2 0.608139 0.485917 0.0227941 0.0333639 31
2 0.701296 0.627247 0.0485839 0.0889819 26
5 0.261651 0.593883 0.0625579 0.12645 29
2 0.636809 0.529105 0.0267897 0.0418148 30
2 0.61027 0.489716 0.0238847 0.0315585 31
2 0.705008 0.6336 0.0493936 0.0872527 26
5 0.263575 0.587939 0.0628238 0.11833 29
2 0.638372 0.532336 0.0269175 0.042195 30
2 0.612392 0.491905 0.0245885 0.0341575 31
2 0.708904 0.639181 0.0505831 0.0903566 26
5 0.266363 0.582005 0.060522 0.108698 29
2 0.640108 0.534651 0.0279335 0.0438556 30
2 0.61379 0.495545 0.0251841 0.0346717 31
7 0.907018 0.967696 0.0881822 0.0646073 1
7 0.744002 0.962809 0.0775689 0.0743821 3
2 0.715645 0.668062 0.047641 0.0690257 4
2 0.670406 0.588262 0.0347607 0.0555965 5
2 0.350579 0.480654 0.0264289 0.0375009 6
0 0.0483492 0.770083 0.0190335 0.0926232 8
2 0.713197 0.645229 0.0502899 0.0934218 26
5 0.268926 0.577829 0.0591184 0.107834 29
2 0.641538 0.536433 0.0285002 0.0438052 30
2 0.61478 0.498201 0.025015 0.0348651 31
2 0.717456 0.651572 0.0513447 0.095652 26
5 0.272541 0.575978 0.0588563 0.111658 29
2 0.642564 0.538458 0.0294185 0.0459172 30
2 0.616066 0.499588 0.0257248 0.0363441 31
2 0.721946 0.659722 0.052954 0.0967312 26
7 0.275158 0.573634 0.0578688 0.112034 29
2 0.6445 0.541529 0.0291842 0.0479998 30
2 0.617403 0.50028 0.025371 0.0360392 31
2 0.72651 0.667763 0.0538031 0.0972823 26
5 0.277553 0.569818 0.0558097 0.109589 29
2 0.646363 0.542916 0.0284324 0.0493728 30
2 0.618681 0.50322 0.0236984 0.0340323 31
2 0.731532 0.674892 0.0556398 0.0996032 26
5 0.2798 0.566727 0.0563738 0.111803 29
2 0.648473 0.546205 0.0281553 0.0500915 30
2 0.619855 0.505434 0.0241251 0.0340052 31
2 0.735934 0.682213 0.0573331 0.101097 26
5 0.282398 0.562076 0.0556204 0.107273 29
2 0.650293 0.550525 0.0297238 0.0498148 30
2 0.621244 0.507376 0.0244042 0.0361468 31
2 0.741656 0.690276 0.058681 0.105251 26
5 0.285088 0.559304 0.0557977 0.109436 29
2 0.652315 0.555229 0.0300025 0.0481477 30
2 0.623825 0.511154 0.0262539 0.0363213 31
2 0.746569 0.698744 0.0602267 0.106873 26
5 0.286842 0.556879 0.0545075 0.111792 29
2 0.654041 0.557281 0.0306799 0.048932 30
2 0.625505 0.513984 0.026101 0.0394709 31
2 0.751832 0.707893 0.0611111 0.109295 26
5 0.289048 0.553287 0.0534893 0.108825 29
2 0.655727 0.561239 0.0316909 0.0497086 30
2 0.627152 0.516985 0.0261146 0.0403262 31
2 0.757616 0.716636 0.0622814 0.107622 26
5 0.291373 0.548999 0.0544896 0.109959 29
2 0.657734 0.564055 0.0315015 0.0510885 30
2 0.628545 0.519458 0.0249636 0.0393222 31
2 0.918946 0.978337 0.082917 0.0433269 1
2 0.719829 0.674398 0.0478599 0.0675913 4
2 0.67234 0.592045 0.0339355 0.0566271 5
2 0.351731 0.478837 0.0261194 0.0381217 6
0 0.0499001 0.76888 0.0189102 0.0948594 8
2 0.764382 0.726203 0.0644839 0.114536 26
5 0.293816 0.54568 0.0542973 0.106835 29
2 0.659779 0.568353 0.031051 0.0503679 30
2 0.629601 0.521364 0.0242983 0.0394178 31
2 0.770704 0.737911 0.0652239 0.118882 26
5 0.295449 0.543289 0.0530917 0.102696 29
2 0.661971 0.571459 0.0328617 0.0523964 30
2 0.630755 0.524909 0.0245306 0.0373522 31
2 0.777771 0.747852 0.067319 0.122999 26
7 0.296374 0.541153 0.053598 0.0993874 29
2 0.663795 0.576328 0.0340622 0.0517938 30
2 0.632091 0.528319 0.0247941 0.0378044 31
2 0.784488 0.758183 0.068812 0.122797 26
7 0.298396 0.539498 0.0530346 0.10175 29
2 0.66624 0.580295 0.0337214 0.0518806 30
2 0.634057 0.531334 0.0275228 0.0398428 31
2 0.791144 0.768321 0.0720096 0.124298 26
7 0.299914 0.537724 0.0525366 0.102059 29
2 0.66802 0.5835 0.0344328 0.0540664 30
2 0.635926 0.534348 0.0293406 0.0430822 31
2 0.798672 0.780809 0.0724045 0.129063 26
7 0.301799 0.536045 0.0511435 0.101914 29
2 0.670314 0.587068 0.0345633 0.0556474 30
2 0.63766 0.53718 0.0289906 0.0455217 31
2 0.577858 0.444597 0.0204077 0.0372252 32
2 0.806886 0.793916 0.075017 0.135811 26
7 0.303496 0.534564 0.0489997 0.10055 29
2 0.672573 0.591173 0.0340917 0.0564643 30
2 0.639437 0.539302 0.0295809 0.0455614 31
2 0.578537 0.444876 0.0201741 0.0355162 32
2 0.815034 0.805102 0.0764214 0.138916 26
7 0.304856 0.533116 0.0474637 0.0992226 29
2 0.674994 0.594989 0.0353459 0.0586946 30
2 0.641192 0.542421 0.0291003 0.0445968 31
2 0.580151 0.445371 0.020091 0.0337361 32
7 0.823522 0.819364 0.0788734 0.139254 26
7 0.306606 0.529772 0.0471228 0.0951581 29
2 0.677567 0.600553 0.0363569 0.0590852 30
2 0.642543 0.545631 0.0289854 0.0466292 31
2 0.581555 0.447627 0.0209337 0.0338349 32
2 0.832921 0.833986 0.0801965 0.143277 26
7 0.30847 0.52742 0.0464434 0.0954228 29
2 0.680279 0.604969 0.0366789 0.0587879 30
2 0.64502 0.550053 0.0301002 0.050376 31
2 0.582418 0.448274 0.0215484 0.0343663 32
2 0.723444 0.677918 0.0483096 0.0750807 4
2 0.674606 0.595242 0.035359 0.0571843 5
2 0.353281 0.478557 0.0273403 0.0368334 6
0 0.0516098 0.767379 0.0196372 0.0964117 8
2 0.726507 0.684366 0.0492552 0.0742863 4
2 0.67724 0.600026 0.036447 0.0596127 5
2 0.355169 0.476155 0.0267508 0.0367892 6
0 0.0531101 0.765473 0.0208963 0.0950688 8
2 0.729436 0.689468 0.0495303 0.0751205 4
2 0.679717 0.604783 0.0362047 0.0585729 5
2 0.356795 0.474041 0.0261795 0.0348629 6
0 0.0543292 0.76515 0.0219499 0.0947151 8
2 0.733928 0.698454 0.0513341 0.0789074 4
2 0.68192 0.609004 0.0373192 0.0599273 5
2 0.358232 0.47203 0.025338 0.0341561 6
0 0.05536 0.764809 0.0217031 0.0946369 8
2 0.703796 0.659147 0.046275 0.0761996 1
2 0.60757 0.599445 0.0348603 0.0622036 3
2 0.647133 0.549598 0.0312122 0.042186 4
2 0.621534 0.506612 0.0246255 0.0373173 5
2 0.738815 0.706432 0.0530721 0.0776447 4
2 0.684808 0.613622 0.0367101 0.0633577 5
2 0.359687 0.470747 0.0249577 0.0327064 6
0 0.056272 0.76476 0.0215655 0.0942517 8
2 0.743172 0.711571 0.0544062 0.0805808 4
2 0.687858 0.618476 0.0371508 0.061523 5
2 0.361381 0.466276 0.0247468 0.0347582 6
0 0.0574854 0.762329 0.0203092 0.0925879 8
2 0.747914 0.719205 0.0550273 0.0837599 4
2 0.689957 0.623287 0.0389659 0.0621043 5
2 0.362957 0.463488 0.0246863 0.0342011 6
0 0.0582117 0.761186 0.0196158 0.0920381 8
2 0.752346 0.726109 0.0566827 0.087012 4
2 0.692923 0.627678 0.0376902 0.0605397 5
2 0.364216 0.461987 0.023451 0.0323379 6
0 0.0592158 0.760454 0.0194158 0.0915694 8
2 0.757097 0.73365 0.0590499 0.0889927 4
2 0.695616 0.632869 0.0393152 0.0639835 5
2 0.365157 0.461331 0.0241409 0.0313407 6
0 0.0597295 0.760225 0.0186743 0.0909264 8
2 0.761816 0.741793 0.0588218 0.0879794 4
2 0.698833 0.638218 0.0388574 0.0644281 5
2 0.366171 0.459726 0.0237397 0.0316413 6
0 0.0604903 0.759648 0.0185038 0.0916049 8
2 0.766751 0.750341 0.059936 0.0918535 4
2 0.701535 0.643996 0.0403648 0.0658195 5
2 0.367587 0.458276 0.0233391 0.0321181 6
0 0.0615384 0.757665 0.0189552 0.0912415 8
2 0.771863 0.759355 0.0607768 0.094992 4
2 0.704599 0.647961 0.0398864 0.0660541 5
2 0.369164 0.457092 0.0233808 0.0323432 6
0 0.0629443 0.755661 0.0199756 0.0943658 8
2 0.579667 0.443278 0.019745 0.0464139 9
2 0.777302 0.768463 0.062028 0.0975214 4
2 0.707926 0.654 0.0414308 0.0668726 5
2 0.370409 0.45415 0.0236361 0.0343831 6
0 0.0640423 0.754154 0.0206465 0.093146 8
2 0.580373 0.444985 0.0209762 0.0481641 9
2 0.78303 0.77809 0.064403 0.0997127 4
2 0.71206 0.659099 0.0419018 0.0685259 5
2 0.371935 0.452182 0.0236136 0.0333979 6
0 0.0644455 0.753713 0.0206312 0.0918628 8
2 0.580906 0.444644 0.0208819 0.0449427 9
2 0.707637 0.665066 0.0468295 0.0781655 1
2 0.610282 0.606627 0.0369161 0.0628317 3
2 0.64869 0.553019 0.0318349 0.0427563 4
2 0.622439 0.508699 0.0256858 0.0408224 5
2 0.278048 0.593612 0.0419545 0.0567746 6
2 0.788737 0.78782 0.0661183 0.101925 4
2 0.714884 0.664085 0.0429209 0.0701377 5
2 0.373608 0.450264 0.0238479 0.0332736 6
0 0.0648296 0.753186 0.0202009 0.089494 8
2 0.581657 0.442041 0.0210429 0.036799 9
2 0.794806 0.797924 0.0671948 0.103851 4
2 0.718512 0.668914 0.0430435 0.0741059 5
2 0.374833 0.448948 0.0240498 0.0331344 6
0 0.065037 0.752577 0.0200425 0.0878053 8
2 0.581871 0.438594 0.0201172 0.0265519 9
2 0.800745 0.807741 0.0689811 0.10605 4
2 0.722048 0.675867 0.043872 0.0751085 5
2 0.376356 0.448625 0.0234425 0.0311754 6
0 0.0652808 0.751847 0.0199188 0.0885566 8
2 0.583457 0.440015 0.0204721 0.0242924 9
2 0.807277 0.819394 0.0699874 0.107494 4
2 0.726145 0.682036 0.0447927 0.075964 5
2 0.377345 0.446541 0.0222736 0.0313166 6
0 0.0658671 0.751576 0.0190901 0.0896298 8
2 0.585429 0.445187 0.0210944 0.0308627 9
2 0.814196 0.830001 0.0714861 0.110302 4
2 0.729513 0.688932 0.0460465 0.0758458 5
2 0.378157 0.443583 0.0207053 0.0304856 6
0 0.0664333 0.75289 0.0185487 0.0888766 8
2 0.586372 0.445818 0.0227049 0.0315468 9
2 0.821241 0.842251 0.0738512 0.111932 4
2 0.733975 0.696777 0.0458646 0.0774623 5
2 0.379144 0.443075 0.0206661 0.0287919 6
0 0.0670357 0.7531 0.0181103 0.087942 8
2 0.58703 0.449041 0.0235652 0.0367601 9
2 0.828408 0.854278 0.0760456 0.113638 4
2 0.737649 0.703087 0.0466422 0.0780846 5
2 0.380701 0.442686 0.0199338 0.0260531 6
0 0.0674682 0.752836 0.0175631 0.0876569 8
2 0.587616 0.448256 0.022445 0.0348994 9
2 0.835625 0.867705 0.078533 0.118674 4
2 0.741903 0.71034 0.0484761 0.0799187 5
2 0.382091 0.441373 0.0206881 0.0245972 6
0 0.0687684 0.751695 0.0188384 0.0897557 8
2 0.588421 0.450357 0.0225254 0.0398075 9
2 0.843448 0.881398 0.0809827 0.125583 4
2 0.74671 0.717926 0.0478752 0.0828289 5
2 0.383049 0.441489 0.0212075 0.0225578 6
0 0.0694642 0.749173 0.0197821 0.0939087 8
2 0.589345 0.455002 0.0243015 0.0488061 9
2 0.852252 0.892961 0.0824461 0.12452 4
2 0.751921 0.725409 0.0498573 0.0835504 5
2 0.383456 0.440556 0.021502 0.0242052 6
0 0.070131 0.748921 0.019966 0.0939016 8
2 0.589821 0.453139 0.0245362 0.0437326 9
2 0.712039 0.673445 0.0468845 0.0807646 1
2 0.613549 0.614532 0.0383967 0.0630057 3
2 0.649935 0.555807 0.0326592 0.044824 4
2 0.624295 0.510853 0.0260079 0.0412323 5
2 0.281644 0.587296 0.0399895 0.0578943 6
2 0.869924 0.933014 0.0819111 0.123209 7
2 0.860388 0.908397 0.0843416 0.126945 4
2 0.756033 0.734158 0.0515635 0.0865159 5
2 0.385013 0.440239 0.0204431 0.0243987 6
0 0.0707462 0.748967 0.0202894 0.0936756 8
2 0.590624 0.451498 0.0239585 0.0363834 9
2 0.635129 0.553222 0.0296615 0.0427633 10
2 0.869418 0.924559 0.0865888 0.133628 4
2 0.760606 0.742488 0.05252 0.0861666 5
2 0.385896 0.438297 0.0208259 0.0261423 6
0 0.0714225 0.74912 0.0194156 0.0924338 8
2 0.592015 0.451192 0.0238052 0.0331674 9
2 0.637379 0.554947 0.0306289 0.0445556 10
7 0.878298 0.935305 0.0897959 0.12939 4
2 0.766297 0.750857 0.0530398 0.0888302 5
2 0.3871 0.435328 0.0219183 0.0302146 6
0 0.0717952 0.748616 0.0191897 0.0911281 8
2 0.592668 0.452582 0.0235881 0.0327787 9
2 0.639292 0.557261 0.031417 0.0458853 10
2 0.888291 0.943284 0.0927326 0.113433 4
2 0.772211 0.759517 0.0540905 0.0925648 5
2 0.38877 0.43366 0.0215817 0.0309964 6
0 0.0722519 0.748018 0.0185809 0.0892 8
2 0.593159 0.453986 0.0239193 0.0329158 9
2 0.641642 0.561522 0.0330119 0.0466017 10
2 0.89823 0.951424 0.0945178 0.0971524 4
2 0.778347 0.768287 0.0543602 0.0930688 5
2 0.389184 0.431251 0.0230785 0.0310808 6
0 0.0727339 0.747013 0.0181233 0.0889945 8
2 0.593781 0.454553 0.0242736 0.0321741 9
2 0.643512 0.565236 0.0329951 0.0472688 10
7 0.908411 0.959537 0.094308 0.0809253 4
2 0.783552 0.777485 0.0562176 0.0943164 5
2 0.389993 0.430179 0.0226097 0.0300087 6
0 0.0728597 0.747314 0.0181636 0.0897559 8
2 0.594458 0.456416 0.0237918 0.0297576 9
2 0.646775 0.567681 0.032829 0.0488355 10
2 0.920604 0.969727 0.0950814 0.0605451 4
2 0.789756 0.788771 0.0572365 0.0952728 5
2 0.391785 0.429128 0.0213326 0.028074 6
2 0.595154 0.455454 0.0229416 0.0294816 9
2 0.649038 0.572034 0.0328777 0.0495989 10
7 0.932055 0.979964 0.0827141 0.0400715 4
2 0.795801 0.799423 0.0594586 0.0984943 5
2 0.392658 0.428819 0.0207992 0.0267046 6
2 0.596603 0.456318 0.022767 0.0275782 9
2 0.651024 0.575945 0.0339249 0.0503964 10
2 0.802953 0.808803 0.0607119 0.100551 5
2 0.393819 0.427898 0.0203671 0.0242836 6
2 0.598021 0.457212 0.0226072 0.0278551 9
2 0.652919 0.578685 0.0341478 0.0514368 10
2 0.809406 0.81979 0.0621584 0.101393 5
2 0.394829 0.426731 0.020279 0.0239501 6
2 0.599924 0.459997 0.0245551 0.0278502 9
2 0.655134 0.583882 0.034901 0.0512195 10
2 0.716869 0.679947 0.0482786 0.0790878 1
2 0.61563 0.620965 0.0388453 0.0613864 3
2 0.651578 0.559804 0.0329341 0.0421221 4
2 0.625951 0.513729 0.0260269 0.0414689 5
2 0.285822 0.581795 0.0409502 0.058091 6
2 0.879181 0.942471 0.0864886 0.111898 7
0 0.0205276 0.792549 0.0195525 0.103189 8
2 0.816805 0.830944 0.0626126 0.105299 5
2 0.395536 0.426339 0.0197917 0.0231309 6
2 0.657966 0.586963 0.0337572 0.0516495 10
2 0.823536 0.843036 0.0655125 0.107864 5
2 0.396542 0.424659 0.0202382 0.0236415 6
2 0.661041 0.590585 0.033755 0.0520285 10
2 0.831015 0.854271 0.0673928 0.108241 5
2 0.663461 0.59508 0.0336593 0.0526585 10
2 0.602146 0.465743 0.024551 0.0286299 9
2 0.839295 0.868431 0.0699874 0.111908 5
2 0.666139 0.599551 0.0331678 0.0529598 10
2 0.603635 0.470885 0.0256671 0.0354173 9
2 0.848049 0.882197 0.071499 0.116909 5
2 0.66831 0.603848 0.0347504 0.0537863 10
2 0.604267 0.470998 0.024711 0.0346422 9
2 0.856674 0.895812 0.0730815 0.116773 5
2 0.671215 0.607665 0.0360456 0.0550254 10
2 0.604946 0.471672 0.0240654 0.0349685 9
2 0.865371 0.910935 0.0753034 0.123376 5
2 0.67407 0.613065 0.0360855 0.0551353 10
2 0.605806 0.474054 0.0245614 0.0347219 9
2 0.874961 0.926346 0.0762751 0.125765 5
2 0.676383 0.617938 0.0366982 0.0570439 10
2 0.606439 0.476036 0.0248301 0.031851 9
2 0.884245 0.939176 0.0788088 0.121503 5
2 0.67921 0.622681 0.0383941 0.0578072 10
2 0.607902 0.477383 0.0253087 0.0303917 9
2 0.894685 0.946974 0.0827349 0.106053 5
2 0.681159 0.627762 0.0384926 0.0579887 10
2 0.608574 0.47856 0.0247931 0.0314572 9
0 0.0818905 0.735834 0.0183487 0.0916807 8
2 0.720711 0.686333 0.0495436 0.0798995 1
2 0.617197 0.626974 0.0389322 0.0647197 3
2 0.653333 0.563789 0.0336749 0.0416674 4
2 0.627061 0.515416 0.0256587 0.0418618 5
2 0.290749 0.577084 0.0418651 0.0576767 6
7 0.890905 0.952013 0.0827717 0.0945148 7
0 0.0211447 0.789336 0.0198577 0.106287 8
7 0.906541 0.955489 0.0862045 0.0890219 5
2 0.684002 0.632642 0.038999 0.0582922 10
2 0.609725 0.479782 0.0245221 0.0326998 9
0 0.0827747 0.735004 0.0187032 0.0930298 8
7 0.916284 0.964842 0.0820937 0.0703167 5
2 0.68749 0.638542 0.0380041 0.0583416 10
2 0.610713 0.481469 0.0251273 0.0338173 9
0 0.0833642 0.734817 0.0192746 0.0929838 8
7 0.925857 0.974363 0.0768821 0.0512733 5
2 0.690559 0.644445 0.0390183 0.0598038 10
2 0.611972 0.482154 0.0243173 0.0335723 9
0 0.0838889 0.734656 0.0191231 0.092821 8
2 0.693017 0.649685 0.0397279 0.058847 10
2 0.612984 0.484203 0.0261193 0.0345649 9
0 0.0841674 0.734832 0.0190444 0.0924872 8
2 0.696143 0.654289 0.0407272 0.0610038 10
2 0.613973 0.487032 0.0260509 0.0352602 9
0 0.0844155 0.733747 0.0189006 0.0917638 8
2 0.699096 0.659857 0.040306 0.0624928 10
2 0.615695 0.489773 0.026164 0.037301 9
0 0.0844938 0.733168 0.018593 0.0912372 8
2 0.702345 0.667102 0.0408166 0.0654064 10
2 0.617403 0.491961 0.0264294 0.0383399 9
0 0.0849587 0.732698 0.0185302 0.0897268 8
2 0.705253 0.672033 0.0421198 0.064541 10
2 0.618819 0.493258 0.026844 0.0384403 9
0 0.0851747 0.731883 0.0179465 0.0876702 8
2 0.708764 0.678638 0.0433894 0.065601 10
2 0.61989 0.49465 0.0271874 0.0384098 9
0 0.0859434 0.731354 0.0172278 0.0846134 8
2 0.712494 0.686368 0.0440379 0.0674722 10
2 0.621487 0.497373 0.0280097 0.0395918 9
0 0.0865043 0.731491 0.0168591 0.0840359 8
2 0.72472 0.695218 0.0500646 0.0842417 1
2 0.619543 0.635678 0.0393295 0.0642695 3
2 0.655257 0.56366 0.0336519 0.0485859 4
2 0.628816 0.517567 0.0256407 0.0424893 5
2 0.294038 0.571401 0.0393982 0.0544174 6
7 0.906825 0.961063 0.085069 0.0773499 7
0 0.0214833 0.785237 0.020644 0.11226 8
2 0.716364 0.692988 0.0444257 0.0671968 10
2 0.622719 0.500223 0.0282213 0.0401913 9
0 0.087259 0.731365 0.0163406 0.0829912 8
2 0.719859 0.700261 0.0455884 0.0696816 10
2 0.623774 0.502204 0.0273026 0.0382745 9
0 0.0882769 0.729104 0.0173463 0.0841147 8
2 0.72388 0.707998 0.0474422 0.0719078 10
2 0.625425 0.504989 0.0276377 0.0373374 9
0 0.0889626 0.728065 0.0176471 0.0847009 8
2 0.727516 0.714613 0.047503 0.0738029 10
2 0.626124 0.506367 0.02649 0.0366999 9
0 0.0896755 0.727417 0.0179129 0.085154 8
2 0.73109 0.722451 0.0495314 0.075968 10
2 0.627699 0.510407 0.0278533 0.0397324 9
0 0.0901891 0.727708 0.0180386 0.0850849 8
2 0.735341 0.730019 0.0503794 0.0764041 10
2 0.629464 0.513723 0.0285448 0.0403179 9
0 0.0904555 0.72609 0.0181623 0.0836516 8
2 0.740075 0.738535 0.0512984 0.0782491 10
2 0.631046 0.515102 0.0282637 0.0419853 9
0 0.0907906 0.724983 0.018527 0.0841495 8
2 0.744779 0.748079 0.0516596 0.079459 10
2 0.632718 0.51789 0.0287296 0.0430603 9
0 0.0909525 0.724639 0.0184016 0.0866119 8
2 0.650394 0.567185 0.0309474 0.0474816 11
2 0.749189 0.756083 0.0526355 0.0806528 10
2 0.634763 0.522339 0.0305879 0.0428758 9
0 0.0916666 0.723658 0.0177642 0.0866412 8
2 0.652287 0.570867 0.0307689 0.0494244 11
2 0.754464 0.765932 0.0545268 0.0828367 10
2 0.636346 0.524665 0.0307864 0.0439732 9
0 0.0920296 0.724062 0.0168752 0.0850826 8
2 0.654826 0.576527 0.0307145 0.0498382 11
